  -11.4712 40.6815 -653.568
  -10.9512 30.3919 -645.015
  -9.38962 -0.524502 -636.485
  -8.45073 -12.5361 -631.343
  -8.1639 -18.764 -632.488
  -6.41544 -81.5881 -537.939
  7.49597 42.3124 -648.235
  -3.47043 1.74965 -635.667
  -4.31023 -10.8981 -629.304
  -0.28986 -8.55449 -628.231
  19.1757 10.4903 -630.955
  38.53 -6.44849 -618.131
  36.0081 36.1944 -622.987
  37.5968 -28.4927 -607.01
  42.1782 -12.1657 -610.265
  47.0897 13.6547 -609.9
  43.3096 -23.6744 -577.287
  48.3758 22.5072 -551.53
  39.1853 51.9589 -546.685
  44.7778 32.7576 -502.662
  -28.7271 40.7966 -647.312
  -15.2284 1.47194 -635.213
  -12.6355 -11.2686 -629.919
  -17.3715 -8.2797 -627.811
  -38.615 10.0717 -630.124
  -56.0742 -7.32181 -617.519
  -56.1177 34.3695 -623.347
  -55.4594 -24.0782 -607.413
  -60.5339 -12.2129 -609.6
  -66.3304 12.8672 -609.286
  -61.5869 -27.5113 -576.016
  -68.713 21.1121 -550.007
  -58.355 51.3804 -549.017
  -63.7246 31.5938 -505.705
  -8.03684 -2.84949 -452.963
  -10.5095 58.5179 -521.402
  -10.1122 45.2668 -556.384
  -9.452 37.5878 -609.489
  -10.2408 38.2088 -638.48
  -2.86547 -20.9083 -632.852
  5.72645 -25.088 -631.821
  14.3243 -26.0002 -630.382
  23.5628 -24.551 -627.1
  32.7129 -19.0253 -624.1
  38.3738 -13.5013 -620.865
  -0.643197 -34.4154 -628.412
  -1.77785 -47.6539 -624.675
  -0.279197 -60.4959 -617.35
  -0.848279 -70.2173 -604.895
  -0.461197 -76.2199 -593.5
  -0.596343 -80.792 -580.902
  0.00674168 -83.2035 -566.497
  -0.100372 -82.7606 -548.112
  8.78097 -37.4652 -625.44
  10.4361 -50.9345 -620.921
  9.51042 -62.0284 -612.072
  10.242 -70.0153 -598.3
  10.0999 -75.1698 -585.687
  10.3746 -78.7727 -571.293
  11.2245 -79.1471 -554.479
  18.776 -34.6826 -623.06
  20.6921 -45.9216 -618.195
  19.6384 -58.3404 -609.725
  20.2409 -64.4777 -598.9
  20.8895 -69.3303 -586.724
  22.4708 -72.09 -573.7
  22.7693 -73.6253 -556.9
  29.9951 -27.7524 -619.316
  30.1873 -38.7916 -612.806
  30.3831 -50.4104 -603.676
  30.1254 -58.3643 -592.909
  32.709 -61.9763 -578.505
  34.0089 -64.4265 -564.097
  37.8844 -23.7137 -612.105
  37.1675 -35.286 -603.206
  37.7748 -43.6396 -594.888
  38.8461 -49.1463 -584.371
  41.0441 -52.1588 -571.303
  44.4431 -39.9457 -577.485
  43.0064 -32.5966 -588.806
  -13.458 -21.9739 -632.956
  -19.9155 -25.3713 -631.904
  -28.3836 -27.2647 -630.13
  -38.4363 -24.7768 -626.942
  -47.3047 -21.3048 -624.109
  -53.9942 -16.109 -621.698
  -13.7472 -34.0403 -628.515
  -13.0419 -48.5203 -624.717
  -12.1092 -61.1042 -617.37
  -12.1633 -69.832 -605.963
  -11.816 -76.9291 -593.504
  -12.7868 -81.6214 -580.9
  -12.3056 -84.2846 -566.502
  -13.4032 -83.9871 -548.287
  -23.4345 -38.4314 -625.603
  -23.7931 -52.0848 -621.703
  -23.3661 -62.8878 -612.103
  -23.8781 -70.511 -599.404
  -23.0292 -76.2498 -586.45
  -23.6915 -80.2213 -571.281
  -24.7021 -81.2671 -554.861
  -33.114 -34.3607 -624.093
  -33.8362 -48.8254 -619.284
  -33.1903 -59.6839 -610.525
  -34.2677 -65.9037 -599.069
  -34.3132 -71.1972 -586.9
  -35.7692 -74.115 -573.7
  -36.4357 -75.7528 -557.901
  -44.8747 -30.832 -619.933
  -44.2753 -41.3308 -613.053
  -44.6824 -52.5133 -604.9
  -45.0043 -59.9873 -592.896
  -46.7056 -63.7518 -579.55
  -48.1452 -66.5273 -564.1
  -53.1711 -25.7191 -612.85
  -51.9565 -36.7688 -604.898
  -52.6554 -45.4809 -595.283
  -53.4896 -51.4748 -584.592
  -55.0276 -54.7668 -572.746
  -59.2891 -43.1704 -578.498
  -59.1898 -35.6771 -589.71
  -0.191387 -79.1501 -530.498
  0.376181 -74.2584 -513.692
  1.86857 -69.3039 -498.532
  0.782309 -63.0895 -484.904
  0.965075 -52.5797 -472.899
  12.1493 -77.3898 -537.71
  12.856 -74.3732 -525.716
  12.1625 -70.6155 -511.304
  12.5557 -65.3844 -496.117
  12.9918 -59.3681 -483.443
  23.9877 -72.5784 -541.152
  24.1151 -68.7851 -523.306
  24.9483 -63.9444 -506.486
  25.1784 -57.9241 -489.711
  1.00213 -39.7313 -463.672
  0.518032 -26.8993 -456.669
  12.8703 -48.2185 -471.035
  12.8248 -34.6773 -462.55
  12.1106 -20.6048 -457.632
  11.7573 -5.28467 -455.461
  25.2854 -46.8221 -475.286
  25.8105 -32.3408 -466.622
  25.8149 -16.8823 -462.138
  24.3209 -0.00630372 -460.551
  34.4828 -65.7275 -544.9
  35.6929 -62.9861 -530.5
  36.6407 -59.4503 -517.675
  38.4428 -54.5266 -503.021
  39.0707 -46.886 -488.5
  38.8561 -37.3248 -479.203
  38.1228 -25.9049 -472.9
  36.6031 -12.4447 -469.211
  34.2732 3.83845 -469.263
  44.2841 -55.5492 -549.7
  45.1836 -53.9029 -535.309
  46.8097 -49.6125 -520.484
  48.2192 -45.2333 -508.9
  48.2733 -36.8194 -494.51
  47.4455 -26.3053 -485.35
  45.4811 -8.73488 -480.093
  41.7793 8.40852 -480.103
  48.3227 -42.4475 -556.903
  51.6089 -40.4691 -538.314
  53.583 -37.1787 -520.897
  53.8235 -26.1517 -502.6
  52.3387 -10.2199 -494.496
  45.819 18.0117 -491.081
  47.3263 -29.4219 -565.615
  50.431 -31.2136 -553.384
  53.9649 -28.1253 -537.7
  55.8112 -23.7934 -524.819
  56.5048 -12.8373 -513.7
  54.7248 0.806302 -506.5
  50.5257 6.58614 -493.6
  48.6981 26.869 -503.413
  49.9104 -17.534 -554.497
  54.3088 -15.1755 -540.103
  56.4541 -5.90937 -528.101
  55.403 6.73562 -520.227
  52.8624 17.4538 -511.299
  -0.566476 -10.3227 -453.7
  -13.701 -79.8154 -530.5
  -14.8567 -74.5474 -514.654
  -16.1933 -69.1292 -498.042
  -16.4803 -63.3248 -485.801
  -15.9404 -53.3504 -472.876
  -26.2313 -79.4599 -538.45
  -26.6692 -75.7035 -525.7
  -26.3856 -71.4675 -511.3
  -27.3972 -66.2667 -496.9
  -28.4892 -59.8728 -483.775
  -37.9046 -74.7644 -540.116
  -37.4713 -71.1862 -523.306
  -39.8187 -65.6585 -507.475
  -40.6549 -58.7974 -489.706
  -17.3872 -40.6615 -463.292
  -18.2972 -26.7339 -456.526
  -29.6267 -49.872 -471.51
  -29.4902 -35.5676 -462.157
  -31.3573 -23.0293 -457.9
  -29.8071 -6.01316 -455.462
  -41.6527 -48.549 -475.9
  -42.5032 -34.0866 -466.3
  -43.5031 -18.3883 -462.073
  -43.2228 -1.07238 -461.701
  -49.1469 -67.5955 -546.228
  -51.1066 -65.3381 -531.708
  -51.8482 -61.6133 -518.2
  -53.1987 -57.2968 -504.082
  -55.5073 -48.4547 -489.71
  -55.1977 -39.9883 -480.097
  -55.6498 -27.5793 -473.35
  -54.6795 -14.878 -469.712
  -53.6658 1.03422 -470.515
  -57.8167 -58.9699 -550.895
  -60.6466 -56.6969 -535.26
  -62.8726 -52.3456 -521.415
  -64.128 -48.0924 -508.895
  -64.6994 -39.5944 -495.477
  -64.588 -28.3542 -485.688
  -63.7962 -11.8687 -481.162
  -60.272 6.44934 -481.15
  -63.4853 -45.118 -558.196
  -67.7018 -44.5623 -540.107
  -69.9268 -40.1387 -520.903
  -71.3714 -29.7851 -504.518
  -70.4484 -13.0664 -495.247
  -63.7951 15.262 -492.076
  -64.3067 -31.834 -567.049
  -66.9122 -34.3644 -554.031
  -70.7492 -32.0092 -538.789
  -72.7552 -26.664 -525.699
  -73.7804 -16.5062 -514.237
  -72.3631 -2.2813 -506.5
  -68.8663 3.04725 -495.1
  -66.8175 23.7447 -504.1
  -67.6785 -21.2093 -556.3
  -72.0069 -18.6785 -540.101
  -73.8049 -9.13906 -529.555
  -73.4687 3.9118 -520.881
  -70.8815 14.5013 -511.852
  -18.0366 -10.7963 -453.403
  -0.593765 10.4305 -454.507
  -1.69354 22.4671 -457.529
  -1.3712 33.4484 -462.7
  -1.24481 42.1961 -469.247
  -1.24871 51.4187 -479.347
  -1.26429 54.0834 -490.732
  -2.51237 59.3493 -502.4
  -4.4652 59.5077 -516.1
  10.8228 10.4587 -455.722
  9.90984 25.3761 -460.121
  10.0948 35.598 -466.3
  10.2694 44.3667 -474.103
  9.95902 52.1446 -487.299
  9.19427 56.8013 -496.9
  9.57635 59.5053 -511.667
  8.48337 58.5596 -523.352
  24.7719 17.2306 -464.327
  31.1526 24.0299 -474.301
  37.5587 29.3253 -486.634
  41.1423 35.3584 -497.913
  35.6117 47.8949 -505.15
  26.8098 54.4875 -513.4
  18.8027 56.6886 -520.258
  19.4327 56.3999 -504.1
  33.1188 42.617 -492.116
  27.8964 36.3027 -480.1
  20.8549 29.3954 -468.811
  18.6645 43.0805 -477.749
  27.6089 51.6105 -499.302
  20.7657 49.8896 -489.25
  -19.0252 9.3667 -454.71
  -18.1772 22.2941 -458.036
  -18.7522 33.0719 -463.024
  -19.0252 41.2724 -469.45
  -20.4193 51.143 -480.096
  -18.9664 54.0707 -490.572
  -19.441 58.776 -503.582
  -17.2466 59.0701 -516.032
  -29.8684 8.65319 -456.751
  -29.9233 24.3908 -461.376
  -29.2693 33.9358 -466.938
  -30.3092 43.5034 -475.3
  -30.7642 50.1664 -487.9
  -30.7962 56.6231 -497.806
  -30.9635 57.5701 -512.222
  -29.357 56.3803 -522.424
  -43.4691 15.505 -465.701
  -50.5496 21.0107 -475.978
  -56.0189 26.1107 -487.3
  -60.4938 33.2216 -499.298
  -56.4449 44.7692 -505.903
  -47.0532 52.2213 -513.7
  -38.536 54.8052 -520.901
  -39.8495 55.3118 -504.1
  -52.8962 40.9968 -494.49
  -46.9774 34.3234 -481.6
  -40.8873 26.866 -469.9
  -38.9585 40.4844 -479.05
  -46.974 49.16 -499.788
  -40.9432 46.8587 -489.7
  46.1312 -8.7284 -566.509
  51.7688 -6.2853 -552.1
  55.0077 2.29603 -538.269
  54.2908 13.4222 -534.638
  48.5613 14.2561 -554.505
  43.1243 13.0051 -570.5
  42.1735 2.3911 -574.573
  47.4192 3.91363 -562.84
  52.1328 4.9987 -549.7
  -64.3998 -10.6533 -568.9
  -70.5035 -10.4351 -552.99
  -73.8072 -0.825304 -540.1
  -73.7987 10.8053 -535.323
  -68.4883 11.7071 -555.812
  -61.796 10.4407 -571.3
  -60.4937 0.524157 -576.103
  -66.0773 1.64184 -564.1
  -71.0892 1.17332 -550.857
  1.36178 -7.57273 -627.526
  4.05084 -16.0805 -627.025
  10.3295 -20.013 -628.635
  19.2969 -19.9511 -627.688
  27.9954 -18.3236 -625.867
  34.2191 -13.1073 -621.756
  37.8415 -6.81951 -618.281
  37.9079 2.01491 -619.743
  37.6715 6.20794 -623.31
  31.3938 9.44396 -630.264
  19.0192 10.935 -631.58
  9.99988 8.81365 -631.486
  3.8659 3.30955 -631.515
  -19.6942 -4.92686 -625.322
  -21.391 -14.655 -626.746
  -28.9629 -19.0262 -626.681
  -35.0086 -19.5302 -626.232
  -45.498 -17.0542 -624.859
  -53.4171 -11.4782 -620.388
  -55.6332 -7.0414 -616.821
  -56.324 -2.06878 -616.458
  -55.2833 5.79331 -621.442
  -49.964 9.19978 -628.058
  -39.8803 9.93785 -629.937
  -26.9069 5.81651 -630.089
  -22.2918 2.69451 -630.636
  0.653671 7.90772 -636.323
  4.47151 19.122 -637.203
  1.5383 26.9439 -638.545
  -4.92221 29.6925 -641.347
  -12.062 30.2298 -640.313
  -21.4527 27.0336 -638.671
  -24.5578 19.2809 -636.375
  -20.585 8.3189 -635.245
  -15.7517 1.96062 -635.198
  -67.34 20.0813 -561.652
  -69.3072 19.5379 -572.374
  -71.3606 17.8894 -581.868
  -71.9248 16.025 -591.794
  -68.854 14.4831 -602.18
  -65.1763 9.31464 -609.271
  -63.9992 0.362652 -606.083
  -62.6869 -4.71465 -607.023
  -61.1949 -9.83891 -608.532
  -57.0289 -18.9435 -613.49
  -47.1947 -23.6741 -621.568
  -35.8616 -28.0057 -626.492
  -21.1386 -26.5692 -631.452
  -11.6755 -21.8907 -632.606
  -5.68426 -22.3155 -632.55
  1.3986 -27.997 -631.38
  10.6403 -28.6214 -630.399
  23.2188 -25.4732 -626.071
  32.1194 -22.4723 -621.589
  39.5738 -18.2732 -614.219
  42.4161 -11.2166 -609.556
  44.2842 -3.84928 -608.255
  45.5542 5.41884 -609.427
  47.5887 14.6277 -607.964
  49.6952 15.6963 -599.94
  51.8552 16.892 -587.966
  50.5034 18.8554 -578.486
  48.4697 20.9164 -569.208
  47.6625 20.1332 -558.463
  -66.309 25.9262 -579.435
  -69.8888 25.6438 -592.168
  -67.4074 31.5637 -606.243
  -61.9796 32.6957 -616.448
  -53.9802 34.0833 -622.332
  -46.3902 31.562 -623.964
  -42.6548 36.8285 -625.68
  44.4665 27.615 -569.614
  48.0302 26.3274 -582.336
  48.874 26.4231 -591.803
  47.925 31.597 -600.825
  44.8486 34.51 -610.313
  40.8641 34.0684 -616.81
  34.9942 36.3643 -621.613
  27.1798 33.1692 -624.597
  21.7062 38.4602 -628.0
  -42.2592 43.4101 -606.281
  -42.7013 44.7838 -621.718
  -41.3156 44.3357 -628.246
  -34.6848 42.0414 -640.147
  -25.667 39.6079 -649.083
  -14.8363 39.199 -653.097
  -4.33273 39.8942 -652.519
  6.26096 41.3711 -649.171
  14.4433 44.74 -639.49
  19.8179 46.4184 -631.615
  21.8754 45.7665 -618.546
  20.5414 45.6935 -605.571
  -7.9801 -20.3588 -632.515
  -7.86813 -32.1515 -629.178
  -7.36829 -46.8137 -625.262
  -5.8766 -59.2837 -619.183
  -4.87523 -67.9763 -609.206
  -4.31214 -75.8233 -595.724
  -5.20683 -81.3491 -582.297
  -5.48688 -84.316 -565.916
  -6.5357 -84.2862 -551.812
  -7.52937 -80.9294 -535.043
  -7.03189 -75.6163 -518.257
  -8.21824 -71.2524 -504.163
  -9.11773 -65.8419 -491.296
  -8.82607 -54.1204 -475.067
  -7.72785 -44.09 -466.511
  -7.71421 -32.7676 -459.592
  -9.34852 -21.099 -455.161
  -9.64482 -8.49027 -453.531
  -9.25133 5.80403 -453.667
  -10.1052 19.8242 -457.59
  -10.0678 33.1087 -462.861
  -8.77679 43.3663 -470.033
  -8.88452 52.2312 -483.722
  -8.13701 55.4117 -496.233
  -8.96575 58.6439 -504.192
  -9.52961 58.0739 -516.259