# AmiraMesh 3D ASCII 2.0
# CreationDate: Mon Apr 21 13:33:26 2008


define Markers 439

Parameters {
    NumSets 2,
    ContentType "LandmarkSet"
}

Markers { float[3] Coordinates } @1
Markers { float[3] Coordinates2 } @2

# Data section follows
@1
  -11.4712 40.6815 -653.568
  -10.9512 30.3919 -645.015
  -9.38962 -0.524502 -636.485
  -8.45073 -12.5361 -631.343
  -8.1639 -18.764 -632.488
  -6.41544 -81.5881 -537.939
  7.49597 42.3124 -648.235
  -3.47043 1.74965 -635.667
  -4.31023 -10.8981 -629.304
  -0.28986 -8.55449 -628.231
  19.1757 10.4903 -630.955
  38.53 -6.44849 -618.131
  36.0081 36.1944 -622.987
  37.5968 -28.4927 -607.01
  42.1782 -12.1657 -610.265
  47.0897 13.6547 -609.9
  43.3096 -23.6744 -577.287
  48.3758 22.5072 -551.53
  39.1853 51.9589 -546.685
  44.7778 32.7576 -502.662
  -28.7271 40.7966 -647.312
  -15.2284 1.47194 -635.213
  -12.6355 -11.2686 -629.919
  -17.3715 -8.2797 -627.811
  -38.615 10.0717 -630.124
  -56.0742 -7.32181 -617.519
  -56.1177 34.3695 -623.347
  -55.4594 -24.0782 -607.413
  -60.5339 -12.2129 -609.6
  -66.3304 12.8672 -609.286
  -61.5869 -27.5113 -576.016
  -68.713 21.1121 -550.007
  -58.355 51.3804 -549.017
  -63.7246 31.5938 -505.705
  -8.03684 -2.84949 -452.963
  -10.5095 58.5179 -521.402
  -10.1122 45.2668 -556.384
  -9.452 37.5878 -609.489
  -10.2408 38.2088 -638.48
  -2.86547 -20.9083 -632.852
  5.72645 -25.088 -631.821
  14.3243 -26.0002 -630.382
  23.5628 -24.551 -627.1
  32.7129 -19.0253 -624.1
  38.3738 -13.5013 -620.865
  -0.643197 -34.4154 -628.412
  -1.77785 -47.6539 -624.675
  -0.279197 -60.4959 -617.35
  -0.848279 -70.2173 -604.895
  -0.461197 -76.2199 -593.5
  -0.596343 -80.792 -580.902
  0.00674168 -83.2035 -566.497
  -0.100372 -82.7606 -548.112
  8.78097 -37.4652 -625.44
  10.4361 -50.9345 -620.921
  9.51042 -62.0284 -612.072
  10.242 -70.0153 -598.3
  10.0999 -75.1698 -585.687
  10.3746 -78.7727 -571.293
  11.2245 -79.1471 -554.479
  18.776 -34.6826 -623.06
  20.6921 -45.9216 -618.195
  19.6384 -58.3404 -609.725
  20.2409 -64.4777 -598.9
  20.8895 -69.3303 -586.724
  22.4708 -72.09 -573.7
  22.7693 -73.6253 -556.9
  29.9951 -27.7524 -619.316
  30.1873 -38.7916 -612.806
  30.3831 -50.4104 -603.676
  30.1254 -58.3643 -592.909
  32.709 -61.9763 -578.505
  34.0089 -64.4265 -564.097
  37.8844 -23.7137 -612.105
  37.1675 -35.286 -603.206
  37.7748 -43.6396 -594.888
  38.8461 -49.1463 -584.371
  41.0441 -52.1588 -571.303
  44.4431 -39.9457 -577.485
  43.0064 -32.5966 -588.806
  -13.458 -21.9739 -632.956
  -19.9155 -25.3713 -631.904
  -28.3836 -27.2647 -630.13
  -38.4363 -24.7768 -626.942
  -47.3047 -21.3048 -624.109
  -53.9942 -16.109 -621.698
  -13.7472 -34.0403 -628.515
  -13.0419 -48.5203 -624.717
  -12.1092 -61.1042 -617.37
  -12.1633 -69.832 -605.963
  -11.816 -76.9291 -593.504
  -12.7868 -81.6214 -580.9
  -12.3056 -84.2846 -566.502
  -13.4032 -83.9871 -548.287
  -23.4345 -38.4314 -625.603
  -23.7931 -52.0848 -621.703
  -23.3661 -62.8878 -612.103
  -23.8781 -70.511 -599.404
  -23.0292 -76.2498 -586.45
  -23.6915 -80.2213 -571.281
  -24.7021 -81.2671 -554.861
  -33.114 -34.3607 -624.093
  -33.8362 -48.8254 -619.284
  -33.1903 -59.6839 -610.525
  -34.2677 -65.9037 -599.069
  -34.3132 -71.1972 -586.9
  -35.7692 -74.115 -573.7
  -36.4357 -75.7528 -557.901
  -44.8747 -30.832 -619.933
  -44.2753 -41.3308 -613.053
  -44.6824 -52.5133 -604.9
  -45.0043 -59.9873 -592.896
  -46.7056 -63.7518 -579.55
  -48.1452 -66.5273 -564.1
  -53.1711 -25.7191 -612.85
  -51.9565 -36.7688 -604.898
  -52.6554 -45.4809 -595.283
  -53.4896 -51.4748 -584.592
  -55.0276 -54.7668 -572.746
  -59.2891 -43.1704 -578.498
  -59.1898 -35.6771 -589.71
  -0.191387 -79.1501 -530.498
  0.376181 -74.2584 -513.692
  1.86857 -69.3039 -498.532
  0.782309 -63.0895 -484.904
  0.965075 -52.5797 -472.899
  12.1493 -77.3898 -537.71
  12.856 -74.3732 -525.716
  12.1625 -70.6155 -511.304
  12.5557 -65.3844 -496.117
  12.9918 -59.3681 -483.443
  23.9877 -72.5784 -541.152
  24.1151 -68.7851 -523.306
  24.9483 -63.9444 -506.486
  25.1784 -57.9241 -489.711
  1.00213 -39.7313 -463.672
  0.518032 -26.8993 -456.669
  12.8703 -48.2185 -471.035
  12.8248 -34.6773 -462.55
  12.1106 -20.6048 -457.632
  11.7573 -5.28467 -455.461
  25.2854 -46.8221 -475.286
  25.8105 -32.3408 -466.622
  25.8149 -16.8823 -462.138
  24.3209 -0.00630372 -460.551
  34.4828 -65.7275 -544.9
  35.6929 -62.9861 -530.5
  36.6407 -59.4503 -517.675
  38.4428 -54.5266 -503.021
  39.0707 -46.886 -488.5
  38.8561 -37.3248 -479.203
  38.1228 -25.9049 -472.9
  36.6031 -12.4447 -469.211
  34.2732 3.83845 -469.263
  44.2841 -55.5492 -549.7
  45.1836 -53.9029 -535.309
  46.8097 -49.6125 -520.484
  48.2192 -45.2333 -508.9
  48.2733 -36.8194 -494.51
  47.4455 -26.3053 -485.35
  45.4811 -8.73488 -480.093
  41.7793 8.40852 -480.103
  48.3227 -42.4475 -556.903
  51.6089 -40.4691 -538.314
  53.583 -37.1787 -520.897
  53.8235 -26.1517 -502.6
  52.3387 -10.2199 -494.496
  45.819 18.0117 -491.081
  47.3263 -29.4219 -565.615
  50.431 -31.2136 -553.384
  53.9649 -28.1253 -537.7
  55.8112 -23.7934 -524.819
  56.5048 -12.8373 -513.7
  54.7248 0.806302 -506.5
  50.5257 6.58614 -493.6
  48.6981 26.869 -503.413
  49.9104 -17.534 -554.497
  54.3088 -15.1755 -540.103
  56.4541 -5.90937 -528.101
  55.403 6.73562 -520.227
  52.8624 17.4538 -511.299
  -0.566476 -10.3227 -453.7
  -13.701 -79.8154 -530.5
  -14.8567 -74.5474 -514.654
  -16.1933 -69.1292 -498.042
  -16.4803 -63.3248 -485.801
  -15.9404 -53.3504 -472.876
  -26.2313 -79.4599 -538.45
  -26.6692 -75.7035 -525.7
  -26.3856 -71.4675 -511.3
  -27.3972 -66.2667 -496.9
  -28.4892 -59.8728 -483.775
  -37.9046 -74.7644 -540.116
  -37.4713 -71.1862 -523.306
  -39.8187 -65.6585 -507.475
  -40.6549 -58.7974 -489.706
  -17.3872 -40.6615 -463.292
  -18.2972 -26.7339 -456.526
  -29.6267 -49.872 -471.51
  -29.4902 -35.5676 -462.157
  -31.3573 -23.0293 -457.9
  -29.8071 -6.01316 -455.462
  -41.6527 -48.549 -475.9
  -42.5032 -34.0866 -466.3
  -43.5031 -18.3883 -462.073
  -43.2228 -1.07238 -461.701
  -49.1469 -67.5955 -546.228
  -51.1066 -65.3381 -531.708
  -51.8482 -61.6133 -518.2
  -53.1987 -57.2968 -504.082
  -55.5073 -48.4547 -489.71
  -55.1977 -39.9883 -480.097
  -55.6498 -27.5793 -473.35
  -54.6795 -14.878 -469.712
  -53.6658 1.03422 -470.515
  -57.8167 -58.9699 -550.895
  -60.6466 -56.6969 -535.26
  -62.8726 -52.3456 -521.415
  -64.128 -48.0924 -508.895
  -64.6994 -39.5944 -495.477
  -64.588 -28.3542 -485.688
  -63.7962 -11.8687 -481.162
  -60.272 6.44934 -481.15
  -63.4853 -45.118 -558.196
  -67.7018 -44.5623 -540.107
  -69.9268 -40.1387 -520.903
  -71.3714 -29.7851 -504.518
  -70.4484 -13.0664 -495.247
  -63.7951 15.262 -492.076
  -64.3067 -31.834 -567.049
  -66.9122 -34.3644 -554.031
  -70.7492 -32.0092 -538.789
  -72.7552 -26.664 -525.699
  -73.7804 -16.5062 -514.237
  -72.3631 -2.2813 -506.5
  -68.8663 3.04725 -495.1
  -66.8175 23.7447 -504.1
  -67.6785 -21.2093 -556.3
  -72.0069 -18.6785 -540.101
  -73.8049 -9.13906 -529.555
  -73.4687 3.9118 -520.881
  -70.8815 14.5013 -511.852
  -18.0366 -10.7963 -453.403
  -0.593765 10.4305 -454.507
  -1.69354 22.4671 -457.529
  -1.3712 33.4484 -462.7
  -1.24481 42.1961 -469.247
  -1.24871 51.4187 -479.347
  -1.26429 54.0834 -490.732
  -2.51237 59.3493 -502.4
  -4.4652 59.5077 -516.1
  10.8228 10.4587 -455.722
  9.90984 25.3761 -460.121
  10.0948 35.598 -466.3
  10.2694 44.3667 -474.103
  9.95902 52.1446 -487.299
  9.19427 56.8013 -496.9
  9.57635 59.5053 -511.667
  8.48337 58.5596 -523.352
  24.7719 17.2306 -464.327
  31.1526 24.0299 -474.301
  37.5587 29.3253 -486.634
  41.1423 35.3584 -497.913
  35.6117 47.8949 -505.15
  26.8098 54.4875 -513.4
  18.8027 56.6886 -520.258
  19.4327 56.3999 -504.1
  33.1188 42.617 -492.116
  27.8964 36.3027 -480.1
  20.8549 29.3954 -468.811
  18.6645 43.0805 -477.749
  27.6089 51.6105 -499.302
  20.7657 49.8896 -489.25
  -19.0252 9.3667 -454.71
  -18.1772 22.2941 -458.036
  -18.7522 33.0719 -463.024
  -19.0252 41.2724 -469.45
  -20.4193 51.143 -480.096
  -18.9664 54.0707 -490.572
  -19.441 58.776 -503.582
  -17.2466 59.0701 -516.032
  -29.8684 8.65319 -456.751
  -29.9233 24.3908 -461.376
  -29.2693 33.9358 -466.938
  -30.3092 43.5034 -475.3
  -30.7642 50.1664 -487.9
  -30.7962 56.6231 -497.806
  -30.9635 57.5701 -512.222
  -29.357 56.3803 -522.424
  -43.4691 15.505 -465.701
  -50.5496 21.0107 -475.978
  -56.0189 26.1107 -487.3
  -60.4938 33.2216 -499.298
  -56.4449 44.7692 -505.903
  -47.0532 52.2213 -513.7
  -38.536 54.8052 -520.901
  -39.8495 55.3118 -504.1
  -52.8962 40.9968 -494.49
  -46.9774 34.3234 -481.6
  -40.8873 26.866 -469.9
  -38.9585 40.4844 -479.05
  -46.974 49.16 -499.788
  -40.9432 46.8587 -489.7
  46.1312 -8.7284 -566.509
  51.7688 -6.2853 -552.1
  55.0077 2.29603 -538.269
  54.2908 13.4222 -534.638
  48.5613 14.2561 -554.505
  43.1243 13.0051 -570.5
  42.1735 2.3911 -574.573
  47.4192 3.91363 -562.84
  52.1328 4.9987 -549.7
  -64.3998 -10.6533 -568.9
  -70.5035 -10.4351 -552.99
  -73.8072 -0.825304 -540.1
  -73.7987 10.8053 -535.323
  -68.4883 11.7071 -555.812
  -61.796 10.4407 -571.3
  -60.4937 0.524157 -576.103
  -66.0773 1.64184 -564.1
  -71.0892 1.17332 -550.857
  1.36178 -7.57273 -627.526
  4.05084 -16.0805 -627.025
  10.3295 -20.013 -628.635
  19.2969 -19.9511 -627.688
  27.9954 -18.3236 -625.867
  34.2191 -13.1073 -621.756
  37.8415 -6.81951 -618.281
  37.9079 2.01491 -619.743
  37.6715 6.20794 -623.31
  31.3938 9.44396 -630.264
  19.0192 10.935 -631.58
  9.99988 8.81365 -631.486
  3.8659 3.30955 -631.515
  -19.6942 -4.92686 -625.322
  -21.391 -14.655 -626.746
  -28.9629 -19.0262 -626.681
  -35.0086 -19.5302 -626.232
  -45.498 -17.0542 -624.859
  -53.4171 -11.4782 -620.388
  -55.6332 -7.0414 -616.821
  -56.324 -2.06878 -616.458
  -55.2833 5.79331 -621.442
  -49.964 9.19978 -628.058
  -39.8803 9.93785 -629.937
  -26.9069 5.81651 -630.089
  -22.2918 2.69451 -630.636
  0.653671 7.90772 -636.323
  4.47151 19.122 -637.203
  1.5383 26.9439 -638.545
  -4.92221 29.6925 -641.347
  -12.062 30.2298 -640.313
  -21.4527 27.0336 -638.671
  -24.5578 19.2809 -636.375
  -20.585 8.3189 -635.245
  -15.7517 1.96062 -635.198
  -67.34 20.0813 -561.652
  -69.3072 19.5379 -572.374
  -71.3606 17.8894 -581.868
  -71.9248 16.025 -591.794
  -68.854 14.4831 -602.18
  -65.1763 9.31464 -609.271
  -63.9992 0.362652 -606.083
  -62.6869 -4.71465 -607.023
  -61.1949 -9.83891 -608.532
  -57.0289 -18.9435 -613.49
  -47.1947 -23.6741 -621.568
  -35.8616 -28.0057 -626.492
  -21.1386 -26.5692 -631.452
  -11.6755 -21.8907 -632.606
  -5.68426 -22.3155 -632.55
  1.3986 -27.997 -631.38
  10.6403 -28.6214 -630.399
  23.2188 -25.4732 -626.071
  32.1194 -22.4723 -621.589
  39.5738 -18.2732 -614.219
  42.4161 -11.2166 -609.556
  44.2842 -3.84928 -608.255
  45.5542 5.41884 -609.427
  47.5887 14.6277 -607.964
  49.6952 15.6963 -599.94
  51.8552 16.892 -587.966
  50.5034 18.8554 -578.486
  48.4697 20.9164 -569.208
  47.6625 20.1332 -558.463
  -66.309 25.9262 -579.435
  -69.8888 25.6438 -592.168
  -67.4074 31.5637 -606.243
  -61.9796 32.6957 -616.448
  -53.9802 34.0833 -622.332
  -46.3902 31.562 -623.964
  -42.6548 36.8285 -625.68
  44.4665 27.615 -569.614
  48.0302 26.3274 -582.336
  48.874 26.4231 -591.803
  47.925 31.597 -600.825
  44.8486 34.51 -610.313
  40.8641 34.0684 -616.81
  34.9942 36.3643 -621.613
  27.1798 33.1692 -624.597
  21.7062 38.4602 -628.0
  -42.2592 43.4101 -606.281
  -42.7013 44.7838 -621.718
  -41.3156 44.3357 -628.246
  -34.6848 42.0414 -640.147
  -25.667 39.6079 -649.083
  -14.8363 39.199 -653.097
  -4.33273 39.8942 -652.519
  6.26096 41.3711 -649.171
  14.4433 44.74 -639.49
  19.8179 46.4184 -631.615
  21.8754 45.7665 -618.546
  20.5414 45.6935 -605.571
  -7.9801 -20.3588 -632.515
  -7.86813 -32.1515 -629.178
  -7.36829 -46.8137 -625.262
  -5.8766 -59.2837 -619.183
  -4.87523 -67.9763 -609.206
  -4.31214 -75.8233 -595.724
  -5.20683 -81.3491 -582.297
  -5.48688 -84.316 -565.916
  -6.5357 -84.2862 -551.812
  -7.52937 -80.9294 -535.043
  -7.03189 -75.6163 -518.257
  -8.21824 -71.2524 -504.163
  -9.11773 -65.8419 -491.296
  -8.82607 -54.1204 -475.067
  -7.72785 -44.09 -466.511
  -7.71421 -32.7676 -459.592
  -9.34852 -21.099 -455.161
  -9.64482 -8.49027 -453.531
  -9.25133 5.80403 -453.667
  -10.1052 19.8242 -457.59
  -10.0678 33.1087 -462.861
  -8.77679 43.3663 -470.033
  -8.88452 52.2312 -483.722
  -8.13701 55.4117 -496.233
  -8.96575 58.6439 -504.192
  -9.52961 58.0739 -516.259
@2
-9.836329959264004	38.25971044874953	-635.5991198746009
-10.85552985544076	20.822353131910244	-635.7351258542661
-11.385368726443602	-5.098794888779985	-634.1715999541796
-8.859137407153517	-16.159097619113403	-620.6552737057193
-9.528739954721452	-26.550748383122514	-620.4043183368602
-4.857665349485698	-81.07690409590515	-544.5761040179294
5.760781477843164	38.1663342151799	-630.5351661132139
-6.1204600119249655	-2.540964663916256	-630.4670011020963
-4.572123591123173	-13.125202111198213	-619.9978123165738
-0.943078778298462	-10.408434906494895	-617.1456446440906
17.105239766729856	9.652678165970283	-620.0969141863307
32.21203898853612	-7.842228517783761	-604.6366375416916
29.39629928205667	28.776723812687703	-607.8923729830341
35.4752800946672	-22.30542103815084	-597.6743231648236
37.449955217116894	-1.4586573912251772	-598.5460940639273
38.42009380622403	11.54768378536691	-596.4921412124697
44.34160046902156	-17.57316156548174	-578.3166110962053
44.532082061628216	21.29630435528181	-558.8671210232442
37.25717395992076	48.59286888188318	-549.3404552646065
38.99540340433161	43.39977492724505	-517.3325780493508
-25.195134243948488	39.197722482306816	-629.1794132715185
-16.211248041106945	1.7368616224867388	-631.0524414041406
-13.097649786253834	-12.778559180406967	-621.2154160060694
-17.0691027151209	-10.664694594792877	-617.4139852507511
-33.40762374647538	8.424627280196063	-619.417686353974
-49.64953747435325	-8.86515502589608	-604.2827596255713
-47.91972980369536	25.462578278163843	-606.8815666726352
-52.17181087750252	-19.951286705705037	-596.6736305692239
-53.447242452897655	-4.764275029567966	-598.092839061327
-53.93524845225201	7.409786375323087	-595.5741615701551
-60.90337410762636	-22.972649421876213	-575.6455122167143
-60.506587490149386	19.424582099637124	-554.4158687859298
-55.21896961802099	45.132847172725505	-549.5652681736166
-56.624414041805366	41.44685910026659	-521.5735423300509
-8.817105445438072	-10.991865333638911	-462.1426643255436
-10.169151889079643	55.21677778200994	-526.2743195817194
-9.195029693515767	38.428747406069775	-557.9449138817752
-8.95701371445411	34.640157288607654	-594.911953259653
-9.883358521932799	34.93590390013695	-627.5789872371881
-3.9922658912201188	-25.651083172481982	-619.9168316106126
3.951761907297355	-27.46616414767304	-617.0932859367076
11.88361869617113	-27.658172583277157	-614.3527266315039
20.699414874471938	-25.26631883507415	-611.2742481158222
28.69119567201267	-18.407627614430112	-608.0356514949219
32.912070133291536	-12.321092054976436	-605.0223598465452
-1.1708522427766788	-35.75520253745955	-617.2222880599526
-2.1071767506560217	-46.822101311994956	-614.282303923559
-1.379154467673981	-57.863000524269125	-608.2185356202901
-2.671723497901353	-66.73420964800536	-599.0049205448885
-2.480926636478567	-71.84304523680716	-589.9916988454571
-1.708375561203292	-76.03934281083754	-579.8622846535768
-0.651718547326352	-79.44254867767442	-568.3844561261608
0.5368602478105853	-81.04486730373665	-553.2998150188041
7.9768341598011645	-37.7705816844676	-613.814634817683
9.608098958708265	-49.30923473039816	-610.7170521791855
8.49089028265183	-59.20924669445539	-604.3901890430434
9.30941273791223	-66.8635401752549	-594.3304210551344
9.5601681872744	-71.72870114934418	-584.391940905899
10.526168214738085	-75.69669792940141	-572.7497416162159
12.365753888531504	-77.73104741583916	-558.9324408493995
17.46891646936531	-34.384595793912666	-610.548310065759
19.757093137320883	-43.979696786135236	-607.9910770530773
19.074784748189625	-55.4447301547889	-602.6133308855617
19.908221624637868	-60.958457834508636	-594.6229010553144
20.85085390157837	-65.41792918447081	-585.1707842538457
23.351659648155685	-68.86135037343374	-574.9912843117771
24.508824228330045	-71.74441929747755	-561.2196389674017
27.783681629785914	-25.822594419571104	-606.2317323907992
28.773913642285454	-35.3376478553851	-602.7345120109158
30.3311154144312	-46.49082773483718	-597.6119566497819
30.849082502849438	-54.349830696159174	-590.110447340456
34.23741282044048	-58.01533599115905	-579.0883075220419
36.214875224432035	-61.280834456016294	-567.5553330322508
34.48632614919376	-17.8413262686105	-600.3424094614494
36.360561812050335	-29.657684862375305	-596.0477331420544
38.419347883940546	-38.53165717596881	-591.0764686357111
40.88060330776878	-44.56073188180561	-583.8780087624149
43.850861645722176	-48.03295020280288	-573.8579599583261
46.29821200090686	-34.58856653047114	-578.4537787598616
42.80279506566741	-26.203813016235436	-585.9344803789595
-13.46023200147964	-25.239433854714534	-619.8193166140487
-18.990560561847996	-26.491592807635257	-617.854973208913
-26.417838583560442	-28.26663498471488	-615.2628173039564
-35.85953994190645	-26.225427157560173	-612.3474012648622
-43.848752060819365	-22.871556064836955	-608.6059699396586
-48.66661832774507	-16.71214158362689	-605.5127292714551
-13.70596935992863	-35.12386927522503	-618.0291277089435
-13.143514428405279	-47.36372333883884	-614.3483908112019
-13.251711151243043	-58.27698203227696	-608.1384208611994
-14.189945029820096	-66.0519887571956	-599.5143068448093
-14.095383395326287	-71.67919411105359	-589.4373704200655
-14.486555552376222	-75.99699332793955	-579.3483816047311
-13.710475703485761	-79.56990192101827	-567.9379911945234
-13.821580220324396	-81.32380325342444	-553.0939002581791
-23.06508730623675	-38.06353033363962	-614.4380477067098
-24.07374934096498	-49.81829177785194	-610.8260016294211
-24.74326751801393	-59.45633279125754	-603.7709384817424
-25.97016211864798	-66.20074495225516	-594.1137755864828
-25.25255397381791	-71.47070627931875	-583.9187844953613
-25.66201164475308	-75.65620674737526	-571.7039808780314
-26.28599077752729	-78.03247975218791	-558.2658531379573
-32.124357057655715	-34.078775314990494	-611.969330253835
-33.98706401629191	-46.553746510000494	-608.480692701462
-34.5399295791628	-56.40733552979215	-602.440566249654
-36.04640818038608	-61.531681939321885	-593.5198839369124
-36.35692777285994	-66.32932744903266	-583.9824281750948
-38.00621717185656	-69.67610032346319	-573.5278148069541
-38.662109690422916	-72.4744408843011	-560.5928011301847
-43.00917353361423	-30.31248279593354	-606.6014721964897
-44.18776714161092	-38.915310859048844	-602.9643613111928
-45.616562409078426	-48.69682302383815	-597.378999512543
-46.63935723335902	-55.31296409376964	-588.427081853823
-48.99422489886217	-59.211355165620944	-578.1870902450853
-50.37505274524216	-62.4300819528751	-565.605170173023
-50.57252435702411	-23.313380320999084	-600.5314461154765
-51.90786147789018	-33.227556849911366	-596.6959219957855
-53.91188352095874	-41.26599667762248	-590.211126513699
-55.676293741289726	-47.13001552362759	-582.3231738304971
-57.52547003021314	-50.55348557764988	-572.9884701328529
-60.640123169634705	-38.617106443991574	-577.4831352840846
-58.98902629135017	-30.863723923522464	-585.6037045217906
-0.043148937986124736	-78.91961167520505	-537.9411512130924
-0.3045020947081909	-76.6278681849831	-521.9260853738955
1.7395557061737197	-73.33860047971959	-507.4167832081732
0.8795356006924635	-67.97072507023523	-494.42216471281745
1.0792407749200112	-58.513195006734776	-482.35834123757655
13.571141667445307	-77.09121786214546	-544.4275421444104
13.888403035317939	-74.94454913938603	-533.5416056234102
13.02484089254241	-73.160824297085	-519.8575598071126
13.576347430321963	-69.3061004588485	-505.3171681535449
13.808166124056068	-63.444442278984496	-493.43493435945925
26.030660491369385	-71.72196281571799	-547.628193521274
26.165393376520246	-69.41383062161209	-531.421281502501
26.929598406187328	-65.82241261281474	-515.6301290728063
26.924658698046468	-60.539176715390866	-499.7774307115257
0.260089058033671	-46.01305406337947	-473.3891601182717
-0.028161462213910582	-33.314945590465	-467.0422726475417
13.346692738903329	-52.91079479116809	-481.42367938297565
13.023674949523276	-39.74221853603606	-473.11226393872295
12.446173701439474	-25.847238888932228	-467.8598134794151
11.961915946069986	-9.926469066964831	-465.296846603247
26.786083546264802	-49.96278776198838	-485.9543511116834
27.22899397279497	-35.73232580390102	-477.2059811647466
26.787349932079675	-19.685674151075307	-472.80626895317465
24.875129256130624	-1.5117381884611447	-470.70553627274614
36.944430455726945	-63.78384969039399	-551.1762039736857
38.35622777657903	-61.97835795625093	-538.3346867112233
39.43780169660283	-59.23339308239038	-526.516330408337
41.26764937435132	-54.82898390776947	-512.7599978045371
42.01207880934133	-47.86082776967882	-498.87483810640373
41.86591571857676	-38.768657751095986	-489.6323000073541
40.47904499317548	-27.12220587387466	-483.58287399066324
37.82779869969674	-12.788475266279985	-480.31157244688313
34.921068001456845	5.367975883652132	-479.87193703117
47.0987426013469	-52.2885416874166	-555.7526161843161
48.205257085457134	-51.504353188348446	-543.077933079033
50.188330093018706	-48.049854437560896	-529.4996173841452
52.047285659377536	-44.27412759142529	-518.5351759674221
52.87891727073449	-36.671661178008584	-504.4230772455563
50.9881657562881	-25.82693652762248	-495.83801868184844
46.61501923783027	-6.696278966122566	-491.6107188693542
41.805249981165446	12.863515788506174	-491.5349370952622
51.60895964068699	-38.09748028489701	-562.4960286882067
54.89034491765764	-36.918455827784754	-546.4291002287929
56.94696834052628	-34.49627772488893	-530.3843236709257
57.72478411065855	-23.9986144323442	-513.0393627441487
53.79251141522043	-6.83927715304186	-506.1230949296671
43.584095584629125	25.40213541690758	-504.0040575599026
50.33117329804587	-24.1375710629504	-570.0626091902639
54.04315107696259	-26.56824539190312	-560.2064682434378
57.2381631781367	-24.037048762948938	-546.5671940396546
58.899239750477705	-20.09044968695199	-534.8193236198931
58.33995788138121	-8.80522188278281	-524.8268630507492
54.535141913038515	6.127877936662088	-518.7243515963482
49.13077694970424	12.261331763631283	-506.3949419432014
44.678333301009744	36.45351662360579	-517.2979618098946
54.112515960220406	-12.891374464903896	-562.2448562483157
58.18138602723151	-10.971131527800603	-549.5477357142696
58.56343188760796	-1.5502307422438246	-538.6273237505869
55.519763150283666	12.081723397412752	-531.634046397078
51.49679666865612	24.874058346532447	-523.8002183680783
-0.6433049309155727	-17.289039509930227	-463.51196447414816
-14.447749727749482	-79.19391002479207	-537.6290489036717
-16.65375863781442	-77.78960581990027	-522.3406889917107
-17.528410608109905	-73.72947943706329	-506.4968338915669
-17.36796989259714	-68.60926464168094	-494.9025929631969
-16.660452820331876	-59.16613526898736	-482.53617442966925
-27.681668620607354	-77.97908449852464	-544.1748929503649
-28.514877708808594	-75.98700725057282	-532.6211081090971
-28.499562955202116	-73.94484298726833	-519.0878488550412
-29.435077905583537	-70.36493131118465	-505.37853526492876
-30.2779194126947	-64.4349181213638	-493.1102896955958
-40.02527834750454	-72.93691368146148	-545.2807775366713
-40.019916754377164	-71.78845629764947	-530.0848855803645
-42.64259460203125	-67.91199861246514	-515.2964494824964
-43.34283385675131	-61.96813237248237	-498.71959623147285
-18.982619491860333	-46.313135769279086	-473.93376859738015
-19.571289979400824	-32.85388464027701	-466.93596546768447
-31.43693572834971	-54.43007092536894	-481.821154740349
-31.547557098212074	-40.540615256714005	-472.4058206205842
-33.15044527650659	-27.640579273870333	-468.0474797876465
-31.374560152790494	-9.955568274355898	-464.27629738799794
-44.26303911159346	-51.87600796426317	-485.87039111424724
-45.17565463809508	-37.49864308970457	-476.2704126734933
-45.62360945065453	-20.79780528897378	-472.07223660710434
-45.4290875813072	-1.692191091909308	-469.9333540607282
-51.6808078267983	-65.19198601477498	-550.4727712161886
-53.69248913103412	-64.15572479193811	-537.5428293071884
-54.908484390153305	-61.91467358468361	-525.1846664347418
-56.25543165586102	-58.14040864635807	-512.1521074265504
-59.0728856384664	-49.90593892529593	-498.6543614059465
-58.79541169671883	-41.74265402859272	-489.4443334194113
-58.8586287994234	-28.828612084195424	-482.85561123089303
-56.96965484577662	-15.027539040924626	-479.48459599717705
-55.67738147246379	3.077879302924135	-479.55572423145514
-59.960727125504235	-55.562698004556935	-554.5118858410215
-62.77300123721429	-54.398670759825706	-540.7478272711285
-65.33107563065441	-50.986922791392004	-528.199215683598
-67.46042748751186	-47.689517552273585	-516.5578351447957
-69.37737951065304	-40.1884967693206	-503.67470480019654
-68.18858063960062	-28.24668341221494	-494.78134106681154
-65.32515939933239	-9.901420770148443	-491.29561177021515
-61.526268223477274	11.21181165171673	-491.1289379200684
-65.61152706778553	-41.164561691535454	-561.270863141825
-68.93675847022043	-41.221334651531535	-545.3615826008677
-72.03104184123386	-38.010223533914456	-528.0430410609634
-74.29153619578747	-28.169821455875486	-513.0054152642015
-71.294131589294	-9.981320919173479	-505.3413258319129
-62.81636892975993	22.605743855249006	-503.94496786474724
-65.06859748353368	-27.467327346037543	-568.8592079266776
-68.21708177218301	-30.37818760096994	-558.1349944520919
-71.41479958783111	-28.44208395693968	-544.7448051972387
-73.64032361121733	-23.479063502474418	-533.1669044914158
-74.0889018138636	-12.999816838589325	-523.2434439476745
-71.6192031873709	2.7899748824375497	-517.1558553563599
-67.9777472195271	8.605374990302256	-506.4527170464474
-62.94866015086045	33.111958649720734	-518.0849365577202
-68.23854435885681	-17.356171465640532	-560.7825651670212
-72.57394508356303	-15.118650510589308	-546.6799777760406
-73.81272465856973	-5.323423375932431	-537.7008439483499
-71.51192083776235	8.824274522604352	-530.7560336845172
-68.13557316106902	21.569574324391272	-523.8304479503254
-18.753823735185996	-17.16780348661316	-463.36001918310336
-0.9437926107621291	6.230798258818869	-462.02408971431396
-1.7130328503874823	20.542801020712023	-463.94165320376146
-1.5566706756837636	32.55399127300841	-469.9212314312351
-2.4458700347132574	41.26970313322008	-477.7613377121592
-3.658634208311888	49.17633734898415	-489.5276931839477
-4.065228672354836	53.26552538349323	-499.90246645141315
-4.525908595865872	55.416430568368085	-510.8686769987383
-5.136421140427307	56.0282153388719	-522.4796715536754
10.760168482616109	7.614583201434332	-464.64403570775613
9.678343758769742	24.56379232979778	-468.31734463648144
9.024781802748702	35.280633045689896	-475.45569493350854
7.970173658881343	43.85537541450141	-484.426375943028
6.765841179380391	53.00768526154707	-496.96680878583703
5.913867270957999	57.224507086115096	-505.91531165305736
7.096759353805307	58.41815984358196	-519.3717242059743
6.88466268503711	56.28298081541598	-529.4758548660728
24.795226599835484	18.320551938534702	-474.0338698273886
30.63347814613373	28.25498032563142	-484.5913672160319
35.323191005851854	36.63884201271098	-498.54679793795583
36.2889149661255	44.3713417243749	-511.52624929646805
29.923183194647013	51.920698873928856	-516.817037272531
22.64767908911612	55.79552234119316	-522.474621465251
15.966348001990667	55.936426226164414	-527.524795151624
15.61377534745715	58.12980222666059	-513.4402838443458
28.464776541976118	47.76140109968203	-504.3781512433101
25.669647627901686	40.541249412127016	-490.96751879650924
20.292329077149276	31.39390022495918	-478.07700620778485
15.963973139217131	44.40096234403026	-488.5374207170952
22.67451549350756	54.44712673880771	-510.2457244536142
16.978309540660817	52.46588953257856	-499.7729690260584
-20.201332477681007	5.613698919742308	-460.9055691783953
-18.668027587225872	20.963733134812355	-463.07003927714965
-18.918008326556524	32.80623980191358	-469.0349393352601
-19.504256840923265	40.80294844660979	-477.06237972346696
-21.157688672611226	49.317448377031866	-489.78002435916903
-20.03438846753932	53.786116791131235	-499.27547014317054
-19.7507964767355	57.06961828160949	-511.3143116674026
-16.768102508492383	57.50676380701391	-522.2061767071865
-31.645040206087657	6.593772293102081	-462.93319046496737
-30.918177569159372	24.488330329152344	-467.58107089414636
-29.85707071769883	34.703625699788006	-473.8549249623153
-30.05462336382868	43.31271204768397	-484.56518283288574
-30.532458914434983	51.683049030689446	-496.7351637034145
-29.85452687060492	56.8920776354572	-506.3229159802063
-29.16765593291622	56.65575518978318	-519.5771324024593
-27.468163926723623	54.42781956351084	-528.4244803198538
-45.488148325601315	17.449381009177873	-472.89977584056044
-51.97235284128176	25.864796310597892	-484.6325396966901
-54.789900067715664	32.94245266137516	-498.6555596997611
-55.307296744436655	41.57366109079915	-513.5193059260193
-50.002217340525135	48.59213862325748	-518.1269960311284
-42.72068806894242	53.03873788820951	-522.7511355677048
-35.578462637987435	53.615820272780724	-527.8240547595963
-36.96098778525996	55.8581852815952	-513.0827694860484
-48.57299784928493	45.86038714702528	-506.6775498289513
-46.15920295543384	38.65567598241772	-491.55915925748064
-42.1483719833728	29.641216456539883	-477.3043397522465
-38.15639554150815	42.35136336313137	-488.68100330518587
-43.13045918433281	51.95301541960458	-510.34976413997845
-39.166597283082126	49.694998526017756	-499.5647930690792
47.13019821766511	-3.947901360228741	-571.3770992522178
52.80049240654486	-2.634967720149504	-559.7472769477806
54.95173843175162	5.658629858159934	-547.737363064998
52.227509122939935	16.417276288694985	-544.3380339763387
45.073243655410565	14.651244223283733	-561.438146849635
38.94264654041072	14.522716085990115	-573.4064259747471
40.62833336694325	6.438435890824518	-577.1834021374335
45.57303132144317	6.70114575407624	-568.3335968671963
50.76115026873711	7.318950022736782	-557.6123194900233
-60.95619451959696	-7.387769404020288	-570.383548727225
-68.33199941613458	-7.318501938288844	-557.7087076521634
-70.7773454023127	2.0501421025694544	-546.9558983041453
-68.61505904176529	13.317338257316148	-542.9618455350363
-61.798199281716705	11.582553610567029	-559.8066160755615
-54.47337381948353	10.284968512553995	-572.0838300549563
-54.377243276996225	2.304312198299936	-575.8912573815003
-61.00318069926708	3.3356109996001884	-567.0032010883832
-67.1324818699458	3.2571136662984728	-556.1899906299723
-0.3996656945387569	-9.5927270445986	-615.937617059894
2.9314062087558455	-18.397248813594615	-614.8257454619622
8.295840218472573	-22.065350098728153	-613.9515475776999
16.585274985633454	-21.501315090810802	-612.2609861357724
24.105608885265486	-18.141211978111397	-610.0098868623015
30.082958099704808	-13.13346563077277	-606.5652127620147
31.558078868351604	-7.949413809220252	-604.6176752855685
31.422917578816875	0.3693161325628296	-606.0143170652801
30.665290840258077	4.23145628064162	-608.2061692540016
25.212964823083876	8.089597940545122	-613.8761305057245
16.416568692194236	8.06072848647208	-618.8116752879447
7.202853937586331	4.340342069472353	-620.4776703971687
0.9756280987787829	-0.3089327701904594	-621.8201253831062
-17.567932357662574	-7.822332711397474	-616.372245733336
-19.73221217414283	-17.54389927236952	-614.9480652915998
-26.26850076308242	-22.628510298906626	-613.2113816810627
-32.27259209875587	-22.73408454439189	-613.0851181872123
-41.962270892892036	-19.519903536919315	-610.1895738944366
-48.00856599503024	-12.85104365008906	-605.534646955704
-48.60632917559596	-8.254739099192903	-604.5239057332922
-48.77683013967224	-3.879710703160139	-605.1750602904114
-47.44738822418738	2.689687773158358	-608.142079718885
-43.40559305841046	7.262941580048373	-613.7382546245838
-34.473534603693395	7.44758855608503	-618.1267670342298
-23.956728994632098	3.246886466075635	-619.8957568930857
-20.865527079807286	0.6495143588637902	-620.5961548719257
-3.1396095450374677	3.078690594550608	-630.3630710758259
-0.5959305814150087	13.198606385059488	-629.2336246855937
-1.6001837810491333	19.743623093811753	-629.4284364257154
-6.6993497724780955	19.714335731798098	-632.1014717883651
-11.852783715760959	19.485159450787577	-634.0027251565272
-18.24338642380846	19.967163951311708	-629.0167132469281
-20.591772616966733	14.679976440306366	-629.0565648315084
-17.963504206069366	6.647515985743649	-630.5291850028119
-16.133291993547918	2.2405021634747797	-631.2016171857722
-59.07904623474221	17.776980269354585	-563.6020162759967
-58.133224275101256	17.78490635316284	-571.2479365244541
-58.169396513180345	16.561056250709694	-577.8291820947339
-57.212409489443175	14.230383174559659	-584.4626079361528
-55.410894319537476	10.546520537206288	-591.2272891854038
-53.68454889479506	5.2827105464376025	-595.6164100993005
-53.64414793439194	1.1690082002093476	-596.0138600574988
-53.880371250892	-1.7464992668333341	-596.1931260893822
-53.509058125138594	-4.097602885454881	-596.8975385881283
-51.66652609272609	-15.637630608144024	-599.4170740771391
-44.54271495402935	-24.79581828079607	-607.1437591294308
-33.81793410337207	-28.44421200775889	-612.7122186453628
-20.255266162745222	-27.072437855682466	-617.5614480861453
-11.986780365037943	-25.590821161819203	-620.1132956696373
-6.404239341270569	-27.205551831349702	-620.1788729567406
0.2942325593355939	-30.132157977759807	-618.0527461522581
8.670427553411926	-30.115715177086923	-615.2963879437411
20.766952029157224	-26.147151706267522	-610.9482955518206
29.00796593110385	-21.118517135211405	-606.8710712052036
35.24755164772007	-12.167837573055097	-601.1292534886907
37.14002553293699	-1.4983231430756447	-597.0125911239513
38.01280800017112	1.2119072635068644	-596.0925263481911
37.78374411331585	6.211114893957447	-596.3114138634975
38.610239289112286	12.180009177486145	-594.6089136018634
40.457909950427734	15.13445722798581	-590.447724781885
42.328924351948714	18.35759045941221	-583.7609392679294
42.575277288322965	19.897071721528707	-578.0682062245501
42.34395509069647	20.8744241976399	-571.9550702540383
42.9152858372245	19.397316198601914	-564.300498740101
-55.975314526277856	22.296132648358263	-575.4569125319937
-56.20941302354386	20.337474205382303	-584.0424611153721
-53.41820056188061	21.20705036664302	-593.397317441686
-50.27312296831509	24.963965436243495	-599.7360174605051
-45.182514565955444	26.435245000171374	-604.9095558011463
-39.4581724924823	26.94456867654009	-607.4492773542158
-35.99853179548687	31.481054608787925	-608.8518804336089
40.12090498487426	27.429771429758002	-571.854610389927
41.11417260858916	24.35736776938381	-579.7706087790915
40.58217602283189	23.938964813517256	-585.7019396035423
38.973791044137414	23.98588331791832	-591.3579618698506
36.18282101709633	25.509537407048622	-597.9898565540286
33.52367501182185	27.284382654107628	-602.6295217282037
28.784584551674623	29.07598144821674	-606.9650396520809
22.41917729790713	28.346976407482263	-608.0683402674097
18.069937601694882	33.78805873562415	-610.4349634809239
-33.00906583208581	33.19817687640162	-594.0693239733827
-34.18449273574037	36.75544423988809	-605.4899656482319
-33.7072381517723	38.384429014622086	-610.9287349636289
-29.902601722194355	38.425429013498515	-622.6797670260103
-22.970983739093782	35.446274646409435	-630.8376267809982
-13.660530608302277	37.50172522057706	-635.321996700538
-4.852321662503051	38.4376306747685	-635.2013493641316
4.109153871196538	40.20979530171452	-631.6888818530872
11.215815514612004	41.04788565824654	-621.6022148192218
15.265357506575349	41.20557449698714	-613.3847515859026
17.78090298146479	38.89848428380385	-603.0743168138463
19.68097522465144	36.78851341445393	-594.4477077971746
-8.85839033867153	-26.778671081768064	-620.0629292895094
-8.139527757508175	-34.11486336590721	-618.8597163962949
-7.312362396788055	-46.18103496774961	-615.2328960369676
-6.886278926817414	-56.598397260219286	-609.3903906258431
-6.648178620515947	-64.63888136965824	-602.1749130795447
-6.887531555285488	-71.30852735038091	-591.5961795217584
-6.518213067343192	-76.2823949141665	-580.7992419671642
-6.681385147599476	-80.15442987792407	-567.709548290521
-6.9416028788594275	-81.53026617419185	-556.2161304505476
-7.6035727845382866	-80.71593619069789	-541.9642744212084
-8.50495935718744	-78.41478211837185	-526.0040239381141
-9.32361766640954	-75.63329281830285	-512.4079384650317
-9.721576475888542	-71.78242097092819	-499.77704879089015
-8.658151326301315	-60.31464371228728	-484.2213827183876
-8.970144042582366	-50.59617407310144	-475.88743054617737
-9.534900156593785	-39.30469142860767	-469.5472579011683
-9.473345277265006	-27.946822760819057	-465.22879493829276
-9.781123384124099	-16.048730426593885	-462.8721255672474
-10.259165885144508	0.19104856949265425	-461.5458981168885
-10.261129628736326	17.70683019296256	-462.8629973451422
-9.579101547749353	32.41916960137513	-469.0850118431345
-9.884030945331192	42.27988207998581	-478.22615414291204
-11.070014126267399	51.074047169927965	-493.0004217813372
-10.673838575457651	55.13591657076449	-504.56405654131316
-10.198801735629987	56.75244660489382	-511.97399996576945
-9.860652048827152	56.516469006230494	-522.5289265531629