30.0501 18.089 52.1366
37.6786 7.32347 49.5401
44.3098 7.64388 45.4974
33.5894 19.3884 48.3878
57.1672 15.3171 40.3482
48.1315 27.1997 38.1782
26.3608 36.3625 49.0377
26.4506 43.3735 46.8465
34.9122 42.7644 42.1338
46.4299 51.5253 51.8094
43.0606 35.4545 33.9429
47.4045 44.3347 14.7716
53.1714 29.5257 23.7856
59.5043 5.98249 45.7553
58.9786 19.078 36.3592
58.6852 28.5932 22.918
58.7296 39.3614 12.9752
58.3665 44.1312 6.88322
88.7922 20.6064 51.6825
79.8843 7.89195 48.5335
75.0106 8.45748 44.8662
84.4936 20.5138 48.0611
60.9615 15.2664 40.3037
67.5055 27.0449 37.9931
91.111 38.8685 48.5986
89.9686 45.2896 45.9672
83.2059 44.2138 42.9519
69.6008 52.6738 51.1476
74.0454 36.3651 33.3288
69.9516 45.0002 15.0282
63.9809 29.6228 23.8514
