[individuals]
 72 
[landmarks]
 26 
[dimensions]
 3 
[names]
Sp2686FdRM
Sp2124FdRM
Sp2131FdRM
Sp2577FdRM
Sp2146FdRM
Sp2679FdRM
Sp2676FdRM
Sp2678FdRM
Sp2749FdRM
Sp2753FdRM
Sp2808FdRM
Sp2165FdRM
Sp2720FdRM
Sp2178FdRM
Sp2182FdRM
Sp2203FdRM
Sp2207FdRM
Sp2223FdRM
Sp2255FdRM
Sp2291FdRM
Sp2720FdRM
Sp2799FdRM
Sp2875FdRM
Sp2495FdRM
Sp2542FdRM
Sp2022FdRM
Sp2468FdRM
Sp2424FdRM
Sp2602FdRM
Sp2063FdRM
Sp2442FdRM
Sp2776FdRM
Sp2099FdRF
Sp2111FdRF
Sp2130FdRF
Sp2596FdRF
Sp2142FdRF
Sp2647FdRF
Sp2152FdRF
Sp2642FdRF
Sp2667FdRF
Sp2710FdRF
Sp2681FdRF
Sp2698FdRF
Sp2747FdRF
Sp2781FdRF
Sp2752FdRF
Sp2750FdRF
Sp2776FdRF
Sp2751FdRF
Sp2748FdRF
Sp2670FdRF
Sp2175FdRF
Sp2189FdRF
Sp2192FdRF
Sp2204FdRF
Sp2205FdRF
Sp2240FdRF
Sp2298FdRF
Sp2309FdRF
Sp2327FdRF
Sp2368FdRF
Sp2369FdRF
Sp2382FdRF
Sp2843FdRF
Sp2874FdRF
Sp2459FdRF
Sp2070FdRF
Sp2957FdRF
Sp2004FdRF
Sp2647FdRF
Sp2666FdRF
[groups]
Sp 72
[rawpoints]
'Sp2686FdRM
 350.9877     -51.0552       180.4098 
 352.2677     -34.3704       189.7135 
 343.8668     -37.1985       186.3831 
 332.7755     -42.7719       194.3349 
 340.1848     -53.4388       201.7664 
 338.8452     -54.8353       195.6166 
 346.7607     -66.8114       186.011 
 358.774      -56.8911       179.3018 
 364.0648     -43.6073       199.0527 
 361.9634     -44.6169       193.4781 
 339.9261     -31.7101       181.4977 
 311.1377     -41.4804       184.0985 
 367.361      -18.5362       188.1468 
 381.7474     -33.2783       191.6166 
 388.0376     -44.8767       191.2126 
 379.6213     -51.5623       165.9411 
 378.3241     -29.6967       200.4331 
 362.4098     -37.5556       142.2561 
 381.949      -25.201        183.1017 
 347.9556     -46.0807       150.9072 
 338.0885     -54.7391       149.8595 
 329.6333     -79.1506       186.3956 
 319.0693     -59.9838       206.7101 
 312.7128     -63.0466       176.6712 
 337.9671     -76.4252       189.7023 
 379.9356     -50.9015       191.712 
 
'Sp2124FdRM
 346.5151     -39.8275       169.8943 
 349.227      -24.9143       178.1395 
 339.6683     -28.5921       176.6179 
 331.0197     -31.8951       180.5603 
 338.0573     -47.1327       191.4778 
 336.8468     -44.6739       182.6125 
 345.5283     -56.5084       172.5829 
 357.1422     -45.1072       168.4753 
 362.0007     -34.1432       186.2014 
 357.9359     -30.1657       182.0693 
 334.9723     -20.899        172.5179 
 306.489      -31.4303       174.8083 
 365.5945     -7.8345        177.9382 
 383.2843     -26.6272       174.4146 
 388.1248     -32.5721       174.5547 
 377.5208     -41.3279       153.5276 
 376.0556     -19.2405       185.4846 
 359.3605     -22.6816       130.8552 
 382.8923     -20.7097       166.4627 
 344.3409     -31.7373       139.291 
 335.5368     -42.9962       137.7324 
 331.8134     -71.7698       164.9875 
 317.0453     -55.6423       195.7277 
 308.1105     -48.1766       168.6017 
 335.5016     -68.3765       179.7469 
 377.0487     -41.0178       176.5694 
 
'Sp2131FdRM
 356.681      -70.6181       179.0369 
 361.5416     -54.2627       183.9632 
 350.939      -55.3739       183.8549 
 344.5436     -60.2888       193.0378 
 352.3211     -72.2405       199.8873 
 349.4208     -69.7971       190.0289 
 355.5213     -84.943        180.9398 
 369.0555     -74.8741       173.5485 
 373.6862     -66.7741       187.9943 
 369.2406     -64.821        182.9188 
 348.4157     -45.4613       177.9319 
 321.7379     -58.821        188.6399 
 378.6618     -40.3853       175.8461 
 391.2803     -60.6336       173.7357 
 392.4961     -70.7049       171.3288 
 385.8937     -72.4591       159.2946 
 387.4458     -50.4577       188.9637 
 364.2069     -59.0142       135.6021 
 387.3533     -50.9077       171.2271 
 350.2742     -66.3765       148.9406 
 339.1542     -76.9185       150.5182 
 337.3973     -98.0934       180.7727 
 336.5162     -77.2112       209.5689 
 320.7506     -78.7604       182.8919 
 346.4243     -95.2968       189.8619 
 385.8773     -71.9112       181.0398 
 
'Sp2577FdRM
 346.8521     -63.5231       154.8505 
 351.0483     -44.9656       164.242 
 340.4242     -51.0427       159.9471 
 332.7163     -54.4619       162.8649 
 339.6529     -70.3006       168.8704 
 339.0943     -68.9238       160.8101 
 347.7446     -80.6215       154.063 
 358.8978     -68.8504       149.7516 
 358.1026     -58.3003       174.3684 
 356.0892     -58.3292       162.5646 
 338.8723     -43.8884       156.524 
 314.0202     -55.2646       153.4962 
 370.2788     -29.9476       164.4764 
 381.097      -52.2098       170.7341 
 387.3459     -65.0046       163.7602 
 386.5152     -63.6405       145.1458 
 371.393      -50.678        181.9529 
 372.1489     -43.0101       118.4252 
 383.9991     -38.7434       160.6341 
 354.0932     -49.464        121.9331 
 342.0338     -62.6784       114.7869 
 329.1217     -94.1151       146.9231 
 318.7148     -75.921        173.0994 
 312.2791     -68.9839       145.6804 
 338.8637     -89.8734       153.8927 
 378.6972     -68.9107       167.8978 
 
'Sp2146FdRM
 348.2562     -49.5676       182.3477 
 353.4401     -33.3516       189.2689 
 343.9634     -37.8846       188.1788 
 334.8397     -42.3395       193.4623 
 339.4516     -54.8092       199.3039 
 338.532      -53.2666       192.3412 
 346.0143     -63.3872       182.2067 
 361.3043     -55.0178       180.9818 
 362.8344     -41.3848       197.326 
 358.7196     -42.4374       190.7397 
 340.8731     -30.8302       181.6611 
 312.3798     -44.0737       184.7077 
 373.3265     -18.6322       181.821 
 383.5018     -36.4036       186.9637 
 387.0481     -48.6929       179.7894 
 381.8609     -51.1252       167.0376 
 379.2551     -30.3621       201.9128 
 365.7049     -38.1448       143.2205 
 384.3714     -31.5466       179.3474 
 346.3579     -44.9861       153.0844 
 335.1568     -58.9056       152.1348 
 328.805      -78.777        180.3497 
 318.5607     -59.2896       206.6828 
 315.8149     -63.211        178.7646 
 334.5489     -74.9568       190.7677 
 378.1707     -51.0313       189.4258 
 
'Sp2679FdRM
-162.3408     -319.162       178.1496 
-147.7626     -322.7155      188.1246 
-150.0325     -312.9542      187.6412 
-151.5723     -302.7496      192.2804 
-166.6604     -306.6349      202.73 
-166.6461     -304.9266      192.8277 
-179.8781     -308.9449      186.9257 
-173.0226     -325.282       174.7342 
-160.0483     -331.9335      196.2545 
-160.9806     -325.7574      185.425 
-139.9648     -313.9052      180.3909 
-147.3923     -278.921       186.3134 
-137.2705     -349.8916      181.0993 
-161.7832     -353.477       185.5356 
-174.2213     -355.5675      178.2786 
-174.3205     -346.7515      161.5016 
-153.0532     -354.0315      197.0591 
-152.0894     -331.897       138.0279 
-150.8003     -357.1023      178.5413 
-152.971      -314.2691      145.3458 
-169.2278     -300.4638      146.496 
-190.2706     -287.1494      185.8551 
-164.4632     -282.5435      209.9191 
-166.9932     -273.0555      178.9556 
-189.5757     -294.13        189.5176 
-175.4478     -344.5867      187.7113 
 
'Sp2676FdRM
-131.9073     -299.5325      186.7095 
-115.7071     -305.2391      193.7661 
-114.9305     -296.9523      193.1363 
-116.1647     -288.7425      198.6127 
-129.1369     -293.3877      208.1452 
-129.9874     -291.3672      199.0659 
-147.4028     -290.9641      192.983 
-141.755      -303.3906      181.9629 
-131.2007     -313.8215      202.5783 
-130.388      -310.7174      196.4479 
-108.4185     -297.689       188.2435 
-109.9471     -265.8191      196.9106 
-108.6175     -330.324       185.2087 
-131.3288     -334.0955      188.8736 
-145.463      -334.4436      185.1533 
-147.7        -319.6435      164.9412 
-127.6136     -334.307       203.1371 
-126.8677     -309.1188      145.9452 
-126.9826     -337.703       182.1218 
-126.9601     -292.99        155.8219 
-136.8128     -280.2516      157.5406 
-154.0303     -273.8904      197.0154 
-129.2019     -274.903       216.9426 
-126.7142     -258.0897      191.0553 
-153.3886     -279.1653      199.7147 
-146.2603     -325.2842      192.4816 
 
'Sp2678FdRM
-141.996      -302.479       174.5352 
-124.6062     -311.3004      181.5487 
-126.3644     -301.9182      182.4012 
-127.1227     -293.465       190.0941 
-140.4037     -302.5314      198.9683 
-143.1741     -296.5401      188.2522 
-160.8267     -298.2581      179.0543 
-155.4714     -310.7116      170.6461 
-139.3677     -319.0944      190.5907 
-139.8714     -314.6831      183.1793 
-119.2026     -300.89        177.2651 
-126.652      -265.5533      188.222 
-113.9174     -337.6954      169.1673 
-138.3838     -342.5934      176.1663 
-152.6308     -345.776       171.381 
-155.1689     -332.5144      151.019 
-129.6757     -344.2851      188.9751 
-133.9236     -313.1086      126.5544 
-129.9351     -345.2202      166.5148 
-136.5085     -294.0176      140.0565 
-147.6304     -278.754       142.0146 
-169.1437     -273.8906      190.6053 
-144.325      -277.3435      214.0678 
-141.3944     -260.8521      185.6512 
-168.2206     -282.273       193.8569 
-155.3719     -330.4333      179.078 
 
'Sp2749FdRM
-120.8309     -291.8752      172.5258 
-105.4398     -297.4529      181.742 
-106.1906     -287.3151      178.668 
-108.7317     -275.5916      184.3296 
-122.8344     -278.7243      191.8331 
-119.3744     -279.5989      182.7181 
-133.832      -284.7061      173.1237 
-129.1172     -303.0084      169.9382 
-118.1039     -304.7558      192.3772 
-117.0463     -300.399       181.795 
-96.3877      -287.3766      173.2349 
-98.6878      -260.0264      170.925 
-93.7975      -326.1609      175.0596 
-118.4585     -329.0193      181.9324 
-131.3477     -330.5885      178.2838 
-130.7908     -323.4439      161.6755 
-111.7756     -319.6638      197.5341 
-105.1006     -312.7436      135.6765 
-107.0789     -333.4099      175.7926 
-111.9405     -297.9575      140.2776 
-120.4221     -284.5539      135.094 
-144.1128     -265.0651      167.7625 
-123.5903     -262.5576      197.0351 
-118.957      -253.3267      165.0617 
-143.461      -270.7921      178.2842 
-132.6841     -319.2249      183.3858 
 
'Sp2753FdRM
-109.8752     -291.663       179.0133 
-96.9522      -296.167       187.0397 
-97.9875      -287.2368      184.9393 
-99.4764      -279.4214      190.0061 
-115.9475     -281.4968      198.5415 
-112.8082     -280.3581      189.7812 
-125.3048     -284.8546      178.6877 
-121.462      -299.8935      174.0328 
-109.6531     -306.3745      193.3734 
-109.4927     -302.4434      187.9398 
-90.8121      -287.0368      178.6619 
-93.4785      -254.9531      187.7873 
-87.428       -317.273       180.1578 
-110.4917     -326.7588      177.6519 
-120.0098     -327.6708      173.1645 
-121.3016     -316.4219      157.9369 
-100.7007     -323.3042      194.1783 
-99.029       -300.2469      139.6436 
-99.0154      -328.8115      171.671 
-103.5612     -285.8338      148.9586 
-113.0065     -273.5146      149.8849 
-134.2004     -258.5639      187.3585 
-111.0879     -257.1587      204.7629 
-116.4563     -250.4402      179.8296 
-132.8526     -268.3331      190.5819 
-121.9019     -317.8424      182.8907 
 
'Sp2808FdRM
-109.1456     -297.4942      179.6516 
-95.4323      -304.4109      187.8284 
-95.0305      -296.5579      187.1017 
-97.2455      -285.0425      193.6613 
-110.5409     -287.5864      203.9496 
-110.6692     -285.8429      195.2285 
-124.1282     -288.9201      187.7242 
-119.7714     -303.9358      177.6064 
-105.02       -310.8604      199.0061 
-104.7815     -306.6074      190.0672 
-87.7156      -295.8577      180.3252 
-89.3438      -263.8414      187.7911 
-85.5927      -329.2184      178.6899 
-107.9563     -333.4494      188.2872 
-121.5576     -331.9646      179.9077 
-120.9179     -321.3075      166.0916 
-99.5206      -330.5431      199.8342 
-103.827      -306.5883      138.3866 
-104.7343     -335.7953      177.9163 
-103.0588     -290.9662      150.088 
-112.9636     -277.3391      150.2295 
-132.243      -268.4851      187.4756 
-110.4264     -266.3856      211.3374 
-106.1421     -258.6027      183.0685 
-132.147      -277.1135      190.9976 
-121.7858     -322.2572      188.3568 
 
'Sp2165FdRM
-155.631      -299.4205      177.5413 
-140.7016     -307.0523      185.3303 
-142.0553     -296.0389      184.4918 
-143.5027     -286.9647      189.6317 
-158.0818     -290.5385      197.0478 
-157.9775     -288.5609      187.2396 
-174.8567     -292.1726      178.1901 
-170.1957     -308.3844      172.8894 
-152.5264     -315.7443      195.765 
-153.2581     -312.2676      186.7238 
-131.5742     -298.5981      178.6467 
-134.3372     -263.7797      183.4702 
-130.7352     -332.9696      178.7668 
-158.1841     -339.0493      179.2935 
-171.8214     -339.8763      176.9902 
-172.5406     -331.8085      158.8238 
-144.8874     -338.1206      193.7228 
-149.2446     -317.3221      133.4244 
-150.8442     -342.4406      172.4145 
-151.6868     -296.6197      142.9374 
-162.8758     -280.8853      141.3555 
-185.1257     -268.2142      182.7631 
-160.0313     -263.8944      205.6842 
-168.655      -258.8249      176.078 
-184.7688     -276.058       182.2194 
-171.8772     -328.756       184.8577 
 
'Sp2720FdRM
-115.1555     -305.441       166.9965 
-101.0977     -313.3531      172.6511 
-104.2787     -305.7422      174.2815 
-104.4998     -298.4742      179.7526 
-118.5025     -301.6671      188.17 
-117.6798     -298.9556      178.6536 
-133.485      -298.2395      172.8886 
-122.9636     -311.4433      160.1752 
-111.2721     -325.2863      179.2528 
-110.7169     -319.1652      173.3377 
-93.3218      -303.0032      169.3485 
-97.5811      -276.6765      182.0394 
-90.3299      -334.835       163.315 
-111.3659     -340.8422      160.9893 
-119.9664     -343.2313      157.5536 
-120.1224     -330.4279      143.0264 
-103.673      -341.3448      177.0042 
-105.236      -312.1403      125.4643 
-102.6657     -342.9321      157.6504 
-106.7815     -296.8449      138.7836 
-114.5712     -284.8871      140.3976 
-139.9183     -283.0869      174.4264 
-119.4589     -286.2531      199.0702 
-115.5183     -270.6997      175.0187 
-139.3364     -290.1534      177.3573 
-124.0473     -332.2817      166.9194 
 
'Sp2178FdRM
-130.7963     -297.5843      193.4386 
-114.3852     -305.4281      201.6262 
-118.0601     -294.8069      199.586 
-117.1505     -283.9125      204.4176 
-132.3515     -287.9425      215.5915 
-130.8061     -286.711       204.1813 
-150.7579     -286.1987      197.8969 
-142.5921     -304.6745      188.9762 
-125.975      -310.4174      212.0275 
-125.5637     -307.1562      202.7354 
-108.695      -293.2976      193.2288 
-112.055      -260.5513      197.3838 
-104.1492     -325.7397      194.0597 
-131.4243     -334.1621      199.3596 
-142.7191     -336.4237      195.4684 
-142.2583     -323.8889      168.4655 
-124.0176     -330.4496      213.1986 
-123.5326     -310.2113      154.6158 
-122.3308     -337.6267      192.8457 
-128.2836     -296.4836      159.3789 
-131.9156     -281.6886      159.028 
-157.815      -267.4346      199.013 
-132.6404     -264.1852      222.026 
-134.5295     -257.3441      193.7525 
-157.7163     -276.0058      199.6026 
-145.2277     -322.1569      199.7212 
 
'Sp2182FdRM
-109.3109     -305.0887      174.4381 
-95.7533      -311.0822      182.4959 
-98.1492      -301.967       182.3314 
-101.5443     -293.4948      188.3266 
-112.9833     -295.4283      196.7189 
-110.9831     -292.9968      188.9404 
-123.7229     -298.939       173.4627 
-118.6244     -311.3215      169.6282 
-105.843      -321.1679      189.1585 
-106.5434     -314.8467      181.4064 
-91.5883      -300.3014      176.3868 
-95.4889      -270.1738      183.6622 
-86.9489      -331.4568      174.0333 
-107.2838     -337.6136      174.454 
-116.675      -340.5723      169.641 
-119.0365     -327.7093      156.3326 
-98.1056      -338.7255      187.0459 
-101.2497     -313.334       136.0161 
-98.1095      -339.9335      170.1044 
-105.8817     -298.0269      147.0305 
-115.4017     -283.6362      148.5789 
-132.7273     -275.3849      181.2285 
-112.9617     -275.0658      203.9498 
-114.7526     -266.7249      179.0644 
-130.5348     -283.6965      187.5791 
-118.5313     -329.9065      178.7826 
 
'Sp2203FdRM
 317.0731     -175.5145      186.9259 
 328.5661     -155.3728      196.3842 
 318.4867     -158.4179      190.373 
 307.977      -157.6667      201.6726 
 312.66       -170.1202      214.2782 
 308.8958     -174.2195      201.719 
 308.0002     -189.7378      203.1107 
 322.0671     -188.5518      182.8377 
 331.0411     -168.7921      207.63 
 326.9347     -168.749       198.7647 
 312.9945     -152.1806      184.585 
 282.5162     -146.8485      196.0913 
 349.5528     -152.4682      187.3541 
 352.8333     -173.7408      192.9691 
 351.64       -190.478       184.5127 
 343.5247     -190.1379      171.4053 
 354.8866     -167.887       206.3258 
 326.2403     -174.1659      147.5094 
 356.3486     -167.4447      181.831 
 308.8813     -171.6203      157.7239 
 297.4391     -177.431       157.6549 
 284.9437     -196.2466      196.84 
 287.3488     -169.2247      223.4621 
 274.1689     -171.7299      196.0517 
 289.0433     -196.316       203.4197 
 344.1034     -188.927       197.2759 
 
'Sp2207FdRM
 319.9248     -184.8897      184.5275 
 328.7013     -169.7844      191.8695 
 316.1121     -172.9998      190.03 
 304.4571     -172.134       195.6032 
 306.8401     -186.334       206.5722 
 307.4633     -185.7182      195.2502 
 307.6034     -200.2166      190.0253 
 326.1205     -195.1573      182.7488 
 334.5726     -179.0001      200.5866 
 328.3101     -179.9599      192.2185 
 315.8048     -163.764       181.6185 
 280.822      -167.8648      189.6674 
 351.508      -161.3943      182.9783 
 354.5377     -185.7902      189.1857 
 355.0133     -196.8923      186.2035 
 344.2291     -200.0898      169.9714 
 354.9148     -175.3099      199.8974 
 332.1714     -177.0825      143.9091 
 355.6011     -176.7228      178.0668 
 314.4065     -179.4281      154.5595 
 302.0324     -184.6699      153.9796 
 288.6512     -206.7713      191.2811 
 289.0099     -184.028       214.2843 
 278.2421     -186.7301      186.4696 
 295.6252     -205.8477      196.2647 
 344.8686     -197.3895      190.7514 
 
'Sp2223FdRM
 312.6207     -139.0249      178.3623 
 322.0032     -125.9462      189.0437 
 310.3921     -125.2783      187.6492 
 301.1429     -123.9887      192.7544 
 301.4511     -137.4281      202.9141 
 302.1891     -137.6949      190.3159 
 301.986      -152.7985      190.1612 
 317.0814     -150.1448      175.6558 
 324.9745     -137.4747      197.4052 
 320.7843     -135.8203      191.0949 
 309.6273     -118.4486      183.4774 
 277.7193     -115.8976      188.7363 
 342.2729     -118.556       178.5305 
 343.4352     -142.0286      183.9308 
 339.0839     -156.7125      173.0346 
 335.1599     -155.3937      163.4073 
 343.9012     -136.7091      195.4021 
 324.2182     -129.2533      140.5527 
 347.1849     -134.4457      176.0158 
 308.0651     -133.262       148.8456 
 293.0016     -140.2197      150.8491 
 281.059      -160.2104      180.8395 
 282.0817     -137.672       209.4359 
 270.9415     -134.3393      182.085 
 288.1167     -157.4403      195.0738 
 331.9764     -154.0828      187.1287 
 
'Sp2255FdRM
 277.0187     -144.6293      179.9424 
 286.8312     -132.468       186.6159 
 276.3584     -132.7317      185.8994 
 268.4322     -132.7233      191.5453 
 268.1936     -142.9798      198.8624 
 267.8232     -144.9289      188.4729 
 268.557      -156.6307      182.6008 
 283.8635     -151.7384      177.8453 
 291.4182     -141.3727      192.3237 
 287.0097     -140.5871      185.6526 
 277.1766     -123.5377      179.9327 
 246.9619     -122.9967      186.3249 
 310.5152     -124.3389      178.6921 
 312.3392     -146.7864      180.9891 
 311.1486     -157.1871      176.607 
 305.3679     -154.194       160.6026 
 309.8277     -137.1652      195.0285 
 294.0094     -136.1902      140.5883 
 315.8369     -138.2284      175.5363 
 276.1861     -138.1806      149.5223 
 263.7446     -144.262       149.2566 
 245.4079     -160.9195      183.4506 
 251.4503     -141.1641      205.8091 
 240.0725     -135.2918      183.5753 
 255.6909     -163.9138      187.3959 
 302.9906     -156.6637      185.3462 
 
'Sp2291FdRM
 272.0293     -141.0024      184.3324 
 286.3149     -126.3712      189.7302 
 271.8369     -126.8495      190.3653 
 263.3989     -129.1421      198.1417 
 265.0955     -143.941       206.4149 
 262.3681     -141.2096      197.5367 
 262.7556     -157.4972      187.817 
 281.9378     -152.5689      179.1886 
 293.3595     -140.0438      196.764 
 288.3985     -138.2694      191.375 
 271.4986     -119.4283      182.7991 
 239.4496     -117.1121      193.5372 
 309.4946     -120.7905      178.775 
 309.4129     -144.6418      179.1123 
 308.2719     -157.4549      172.4412 
 301.6443     -154.6779      164.3653 
 310.7916     -134.1952      196.283 
 284.1749     -135.5324      139.9573 
 313.9545     -139.1313      174.2526 
 269.252      -137.8157      149.8368 
 252.4194     -145.0159      152.0029 
 240.1142     -162.3504      188.7836 
 245.1736     -141.0722      217.7857 
 232.3711     -141.9181      188.2409 
 248.9376     -162.2805      197.9041 
 299.4875     -156.301       184.0845 
 
'Sp2720FdRM
-115.1555     -305.441       166.9965 
-101.0977     -313.3531      172.6511 
-104.2787     -305.7422      174.2815 
-104.4998     -298.4742      179.7526 
-118.5025     -301.6671      188.17 
-117.6798     -298.9556      178.6536 
-133.485      -298.2395      172.8886 
-122.9636     -311.4433      160.1752 
-111.2721     -325.2863      179.2528 
-110.7169     -319.1652      173.3377 
-93.3218      -303.0032      169.3485 
-97.5811      -276.6765      182.0394 
-90.3299      -334.835       163.315 
-111.3659     -340.8422      160.9893 
-119.9664     -343.2313      157.5536 
-120.1224     -330.4279      143.0264 
-103.673      -341.3448      177.0042 
-105.236      -312.1403      125.4643 
-102.6657     -342.9321      157.6504 
-106.7815     -296.8449      138.7836 
-114.5712     -284.8871      140.3976 
-139.9183     -283.0869      174.4264 
-119.4589     -286.2531      199.0702 
-115.5183     -270.6997      175.0187 
-139.3364     -290.1534      177.3573 
-124.0473     -332.2817      166.9194 
 
'Sp2799FdRM
 280.6976     -154.6198      169.7931 
 291.684      -140.4056      177.619 
 281.3033     -141.1718      176.9726 
 271.0244     -140.639       184.728 
 274.7137     -155.9902      188.4334 
 272.5772     -154.4437      180.0996 
 272.1993     -169.1411      169.7 
 287.5555     -161.5287      165.7707 
 296.0202     -149.8314      182.2581 
 290.7307     -151.4461      175.54 
 280.702      -133.0562      171.6669 
 250.4956     -132.8492      179.2613 
 313.9461     -131.8132      168.5243 
 316.3962     -154.1484      170.1492 
 318.5701     -165.5647      162.3977 
 309.5059     -165.1225      150.8203 
 318.0862     -146.1618      183.4223 
 291.9521     -137.7861      129.8829 
 319.8132     -146.2076      161.6799 
 277.9695     -144.7643      139.272 
 263.8883     -152.9302      139.3302 
 252.4356     -174.513       168.517 
 253.5379     -155.7466      199.7034 
 245.6265     -152.5666      171.3656 
 260.8443     -175.1371      178.5607 
 308.0326     -167.3519      169.0336 
 
'Sp2875FdRM
 217.8884     -137.1263      168.8022 
 228.0694     -123.0558      175.1902 
 219.9314     -124.1168      173.2542 
 210.2954     -124.3989      174.8956 
 211.0563     -137.0636      182.7123 
 208.8723     -137.1867      174.8219 
 213.2638     -148.0273      167.4438 
 223.9471     -144.3657      165.9777 
 231.0152     -132.9211      180.8203 
 225.1484     -133.0663      173.0889 
 218.7914     -114.9779      168.5393 
 193.8946     -119.1115      169.9081 
 247.9391     -118.5597      170.7945 
 248.8774     -138.4897      169.6708 
 249.2345     -146.3901      163.0666 
 243.9168     -148.0305      154.5267 
 249.2089     -131.7635      182.8974 
 235.1351     -127.6488      135.4507 
 251.5423     -134.3501      165.1927 
 218.2662     -127.767       142.7249 
 206.8512     -133.0977      143.0693 
 190.2933     -153.3393      168.5519 
 190.1752     -135.1781      188.6104 
 187.5843     -133.5184      164.745 
 199.231      -154.701       167.1723 
 240.6132     -148.6083      165.2323 
 
'Sp2495FdRM
 229.1878     -154.742       161.3475 
 244.7733     -141.1218      168.1433 
 233.489      -141.7835      167.0657 
 224.1536     -140.6347      174.2366 
 223.0198     -156.5449      181.3718 
 222.0536     -155.4484      172.0263 
 221.963      -167.9055      159.2755 
 236.3076     -164.6485      154.3977 
 249.1954     -153.2263      171.7585 
 242.2917     -152.9158      164.0322 
 232.2674     -133.7933      162.6465 
 198.8845     -131.7149      167.9539 
 267.916      -134.492       156.6957 
 270.6084     -154.9709      159.4013 
 262.9778     -168.2982      148.8367 
 258.1763     -166.0864      138.9576 
 266.5862     -147.4158      172.7692 
 241.5693     -145.8313      118.1486 
 272.3889     -146.0242      151.3146 
 226.2239     -145.5557      128.6025 
 210.7484     -148.6698      128.0541 
 201.4962     -172.0237      156.6749 
 206.3403     -154.4736      189.416 
 193.6225     -143.9268      162.1365 
 211.1894     -173.7727      167.0853 
 256.1084     -169.5061      155.3166 
 
'Sp2542FdRM
 228.7123     -144.5236      157.4824 
 245.7984     -129.5709      165.4366 
 233.4013     -132.3531      164.8104 
 223.2043     -130.571       171.7441 
 224.1538     -149.4154      174.3546 
 222.2119     -145.7672      165.0833 
 221.2755     -159.0141      155.0959 
 236.257      -153.7126      151.7356 
 249.5161     -141.9681      171.5237 
 242.7148     -143.1017      162.7843 
 231.5392     -120.7942      160.1594 
 198.8707     -125.4748      170.4818 
 268.5504     -124.9846      159.8801 
 270.7214     -148.4874      160.9765 
 267.2723     -161.7883      150.641 
 257.4919     -159.1232      133.6578 
 268.3219     -142.4072      173.7474 
 244.5064     -133.76        113.0513 
 269.2541     -142.8294      144.5245 
 225.1537     -135.6384      124.6146 
 214.284      -144.6276      124.9752 
 197.7649     -165.8718      156.3316 
 201.9716     -147.6023      184.738 
 190.2898     -140.1485      158.8716 
 207.6734     -165.4841      164.2683 
 259.4594     -162.7362      155.2211 
 
'Sp2022FdRM
 224.6569     -129.7805      155.3294 
 237.6047     -114.4846      165.0144 
 225.7267     -114.7619      161.0085 
 217.1796     -116.9994      167.0917 
 217.6136     -133.8872      173.1723 
 217.639      -132.1254      163.6462 
 220.556      -145.0102      154.2382 
 231.1371     -141.5052      146.9775 
 236.7538     -130.6012      170.7675 
 234.0508     -128.1369      160.6329 
 224.6634     -108.2335      157.8794 
 195.0384     -110.0625      159.5129 
 261.2984     -109.0945      158.3719 
 263.8344     -137.112       160.2368 
 263.5335     -144.8858      154.0885 
 255.3411     -143.5799      132.679 
 262.3831     -127.4455      174.1743 
 244.9838     -118.6776      111.1027 
 267.4312     -126.7371      153.0588 
 225.8795     -120.3704      120.9745 
 212.2311     -131.2149      120.1272 
 194.8942     -151.9634      149.1499 
 192.8138     -132.7639      179.3587 
 188.0299     -117.7079      152.1632 
 205.2602     -152.4049      158.9445 
 250.7213     -147.9197      155.3305 
 
'Sp2468FdRM
 235.6429     -148.1351      176.1487 
 247.9947     -131.144       187.0569 
 236.8296     -132.8112      183.8465 
 225.7556     -134.6985      189.3592 
 228.9895     -150.4547      196.9779 
 226.8507     -148.9187      188.0551 
 229.5585     -163.1331      181.1824 
 247.0964     -156.1599      172.3706 
 250.2155     -144.9292      195.4638 
 247.1803     -144.6611      184.6747 
 234.5949     -120.7145      178.1448 
 206.5342     -128.2068      179.6733 
 274.0019     -126.0344      179.6735 
 271.8233     -148.7444      180.4881 
 272.9456     -159.8089      176.1406 
 267.2596     -157.4243      159.5037 
 272.8697     -140.1601      198.8457 
 254.4033     -136.6923      135.4198 
 277.4966     -140.4128      173.9373 
 235.2667     -137.9376      142.5881 
 223.5521     -148.14        142.6152 
 211.7704     -170.5454      170.7327 
 208.4358     -149.9494      204.7576 
 199.5355     -144.7186      174.4581 
 217.3964     -171.1639      179.9743 
 261.4686     -161.6705      180.3112 
 
'Sp2424FdRM
 220.6077     -126.0453      158.7011 
 222.7518     -113.1034      165.7344 
 224.9203     -111.3866      165.1216 
 213.0577     -111.6908      171.1792 
 212.7722     -127.3845      180.2398 
 211.7625     -127.4255      171.618 
 210.8966     -141.6817      164.4553 
 228.5185     -135.1682      148.0862 
 238.7078     -122.0268      175.5193 
 235.4502     -122.0991      167.0249 
 222.4831     -103.2138      159.9548 
 193.1775     -103.2829      169.7307 
 258.2187     -106.7685      160.4896 
 258.796      -129.2809      162.3562 
 255.9835     -140.7468      150.7696 
 248.7866     -139.2336      142.3793 
 260.934      -121.9469      174.9255 
 237.4718     -111.674       119.0739 
 262.7302     -122.8912      155.2295 
 218.7906     -115.1729      129.7845 
 203.1245     -125.178       128.1058 
 188.9395     -144.4772      161.0243 
 190.2416     -121.6533      187.0316 
 185.1355     -117.6943      158.5885 
 199.0746     -145.377       164.2678 
 246.7737     -142.1035      160.4535 
 
'Sp2602FdRM
 283.7592     -129.5094      159.0152 
 294.2288     -113.6176      172.4153 
 282.433      -114.935       167.5111 
 271.2413     -119.1327      173.4083 
 273.953      -133.7114      181.1257 
 273.6255     -131.8967      170.209 
 277.8831     -146.0779      164.2384 
 292.9774     -139.621       157.3799 
 298.4858     -126.1874      181.6509 
 294.6152     -126.8117      171.404 
 279.9204     -105.7598      162.5881 
 246.4532     -112.7809      162.4402 
 319.584      -105.2676      166.2129 
 322.6837     -131.0128      170.0678 
 323.8029     -139.8114      161.9856 
 316.0496     -139.5398      146.3151 
 317.1082     -121.793       185.0103 
 306.8492     -118.9561      120.2357 
 325.5339     -120.8696      162.7355 
 285.9336     -117.1548      125.5123 
 273.6006     -131.8593      122.4082 
 259.2661     -155.3688      155.2064 
 250.1849     -132.2742      183.9165 
 244.6192     -134.4234      151.964 
 265.7538     -155.0918      161.4704 
 310.2218     -143.9978      165.2103 
 
'Sp2063FdRM
 213.9186     -123.7739      170.1137 
 227.4525     -107.9791      180.2359 
 216.0481     -108.4502      176.5275 
 206.6925     -109.5881      181.7716 
 205.6505     -125.1014      189.9837 
 205.1582     -124.2025      180.1509 
 205.0692     -137.5292      175.3193 
 223.6625     -133.6991      168.1823 
 229.2546     -123.0109      189.3391 
 224.4921     -122.394       181.8811 
 216.1436     -101.4283      171.7276 
 187.4863     -98.0619       173.6301 
 250.1352     -102.889       175.8926 
 250.0284     -124.7352      179.7554 
 250.6252     -136.3522      169.2733 
 245.5252     -136.5293      157.0652 
 251.4013     -120.9829      190.8555 
 234.2909     -114.3998      135.0044 
 255.1641     -122.7827      170.2963 
 216.6743     -118.0854      142.2334 
 201.7875     -127.8866      141.3934 
 185.6999     -140.2128      166.7247 
 184.9274     -119.216       193.7896 
 178.2161     -119.7102      166.3616 
 193.7115     -141.6084      170.812 
 240.4194     -138.3025      170.4171 
 
'Sp2442FdRM
 223.4121     -124.6207      161.5296 
 240.9543     -110.7752      171.5271 
 226.3457     -111.8532      170.6497 
 216.9521     -112.3956      178.7866 
 218.2859     -129.0499      184.2968 
 216.4461     -126.9561      171.3155 
 215.651      -139.5697      164.4797 
 233.9087     -135.0481      157.6056 
 243.8126     -122.3848      175.3718 
 237.4863     -123.8126      167.9482 
 225.4459     -102.8653      166.6856 
 193.4287     -103.8404      177.3073 
 264.6441     -103.9319      156.5168 
 266.931      -127.5999      161.2696 
 263.4496     -139.9605      158.1539 
 251.393      -135.8537      134.4198 
 266.6832     -122.3122      173.9301 
 238.8645     -110.3887      115.321 
 269.0618     -119.3267      151.8704 
 217.6461     -114.2874      131.6078 
 201.4286     -126.5357      132.0397 
 192.9355     -145.2209      170.6316 
 197.7843     -126.7214      192.6478 
 184.6759     -120.8704      167.9062 
 201.5387     -145.8649      170.9728 
 253.783      -141.0322      155.4119 
 
'Sp2776FdRM
 274.2303     -136.817       161.1709 
 285.8047     -123.9833      171.5117 
 276.3459     -125.1834      168.263 
 267.239      -127.8599      174.6574 
 270.9812     -140.4353      179.6576 
 268.3741     -139.0047      168.4733 
 271.2327     -150.9212      163.0265 
 284.9696     -144.2066      159.2348 
 291.3524     -135.1269      174.4531 
 284.9956     -135.2412      166.2181 
 273.1933     -115.8499      163.6922 
 245.654      -122.9312      173.0218 
 308.5036     -115.1048      160.3091 
 312.2766     -135.3685      166.7764 
 309.7429     -146.9993      150.2379 
 301.6276     -146.0808      139.9933 
 311.4811     -133.3391      175.2898 
 289.1361     -126.2892      119.4549 
 314.8522     -128.8866      154.4641 
 267.5809     -130.3534      132.1504 
 256.8036     -140.6493      131.2692 
 248.8547     -161.7636      166.7427 
 245.9807     -141.6731      189.4479 
 239.5085     -135.0315      165.0901 
 254.7552     -162.2781      164.7142 
 300.789      -150.0486      157.2707 
 
'Sp2099FdRF
 355.2374     -56.2822       179.9873 
 358.4075     -42.2396       184.4353 
 351.2177     -43.008        184.5019 
 343.5361     -46.4036       187.9957 
 349.4213     -60.7912       196.8682 
 347.7348     -58.481        190.3492 
 352.6668     -69.0847       186.1825 
 364.9071     -58.6905       180.8468 
 369.5804     -45.6785       189.8239 
 364.2489     -47.3558       184.4542 
 346.7063     -35.7877       178.4644 
 319.8437     -47.8993       185.6724 
 374.7003     -24.1086       175.4423 
 385.6533     -45.1269       178.5928 
 389.1832     -52.4866       173.2512 
 379.5849     -53.5427       151.8916 
 381.8732     -35.2056       191.3331 
 366.4762     -38.7397       141.0204 
 384.4104     -33.0606       172.1209 
 349.1793     -46.3842       148.7182 
 342.8621     -60.7926       152.6556 
 337.2421     -83.9425       180.5426 
 333.2253     -65.1228       206.2411 
 319.9994     -61.9489       179.1729 
 344.7101     -78.3972       190.1649 
 380.903      -55.9968       180.3426 
 
'Sp2111FdRF
 340.1669     -39.5224       170.3548 
 342.0031     -26.1893       178.9494 
 333.7005     -28.8115       176.142 
 325.146      -32.1388       178.6807 
 330.2654     -40.8872       188.0338 
 330.0481     -41.3936       179.2117 
 339.3557     -53.383        174.9557 
 351.7577     -45.6658       167.5075 
 352.4538     -40.142        184.5288 
 347.7791     -34.7685       177.8799 
 331.244      -18.0675       169.9712 
 303.242      -32.1312       168.4407 
 361.2886     -8.5833        176.9688 
 371.6919     -29.4434       180.8579 
 377.2907     -41.2041       174.3127 
 372.4863     -42.4269       159.775 
 369.8643     -24.0603       189.9996 
 356.5453     -24.6658       133.3429 
 372.4443     -19.2459       173.7452 
 340.5496     -32.754        137.7733 
 333.2724     -44.3644       136.1931 
 323.19       -69.1038       168.9463 
 308.6301     -50.2028       190.195 
 300.831      -42.9982       168.9709 
 328.8205     -64.6843       179.8168 
 367.8744     -43.6372       181.9006 
 
'Sp2130FdRF
 342.4086     -24.1538       174.3242 
 346.2458     -9.935         180.3245 
 338.1259     -14.1478       178.6444 
 331.2659     -18.0854       183.1405 
 338.7559     -27.8966       191.1774 
 335.8001     -27.1422       181.9974 
 344.2926     -39.134        176.7821 
 354.3849     -31.6396       173.6521 
 353.6155     -19.5447       189.5869 
 351.0284     -19.2611       182.818 
 335.7021     -7.0174        173.2308 
 308.5126     -19.2271       177.937 
 363.3446      3.0243        175.5139 
 372.0802     -13.6537       180.33 
 379.3059     -23.8997       179.5118 
 369.0588     -28.7143       158.1846 
 372.7802     -11.5075       189.7506 
 352.5058     -12.5997       137.6888 
 374.3927     -7.2114        173.9962 
 341.2289     -18.5423       144.5597 
 330.602      -30.7591       143.5985 
 327.731      -54.0883       171.6027 
 316.193      -35.3849       198.5334 
 308.4906     -34.1147       170.9654 
 335.2343     -49.7015       178.2801 
 368.3005     -29.1547       180.9487 
 
'Sp2596FdRF
 345.8661     -57.44         193.0121 
 350.3244     -42.0853       195.9615 
 341.2711     -45.9452       196.5084 
 332.5477     -49.3916       203.5189 
 338.7724     -59.4766       212.9567 
 337.7592     -59.7132       204.7998 
 344.2664     -71.9917       200.2052 
 358.8508     -65.7251       185.8598 
 360.3737     -51.8517       205.4612 
 357.6529     -51.115        200.1753 
 340.0386     -36.5684       189.8517 
 307.385      -56.4516       202.6603 
 371.0732     -27.395        193.24 
 383.7908     -48.7455       193.5939 
 387.3661     -59.334        187.2441 
 379.125      -62.9702       173.809 
 380.7773     -41.7965       207.3824 
 360.7879     -48.0796       148.2414 
 383.6336     -36.7057       186.9271 
 341.883      -52.986        158.0671 
 331.962      -69.1616       161.6444 
 325.8748     -89.2418       195.1904 
 316.3136     -67.9727       218.5142 
 312.7213     -74.1519       193.4331 
 334.9654     -84.7167       201.2595 
 379.3409     -61.3871       199.1781 
 
'Sp2142FdRF
 350.0868     -38.5603       188.8482 
 354.4028     -23.2367       194.64 
 345.5645     -28.1526       193.5983 
 336.0359     -32.3288       198.575 
 343.5502     -43.8004       207.1261 
 343.0054     -42.3945       199.1658 
 352.4046     -50.9051       188.3493 
 357.9204     -45.2019       182.6708 
 363.4758     -32.5461       201.0005 
 360.6542     -33.2877       194.73 
 339.3336     -22.7216       188.9216 
 315.9854     -37.3846       195.9609 
 365.2345     -10.2864       187.1035 
 379.9416     -30.3399       189.745 
 383.7614     -37.3504       188.9352 
 375.7144     -41.9591       172.8548 
 375.699      -23.8899       201.8517 
 359.213      -32.0641       152.4121 
 379.8276     -23.3866       184.1699 
 348.5711     -37.7786       160.2383 
 339.4733     -49.5035       161.6098 
 336.1845     -66.9332       189.0986 
 329.549      -50.6533       212.1369 
 322.8449     -52.4024       189.3578 
 341.5558     -63.2148       196.6475 
 375.9563     -39.9203       195.0364 
 
'Sp2647FdRF
 352.4366     -54.8511       181.7685 
 355.7543     -37.6726       188.6077 
 346.0434     -45.5014       186.0057 
 338.7382     -48.8477       191.2989 
 346.2783     -61.4666       199.2412 
 345.5528     -59.2634       189.7833 
 353.1907     -70.0154       179.903 
 363.8146     -59.2218       179.284 
 365.8882     -49.3522       197.555 
 361.6376     -47.4875       190.932 
 343.6134     -35.6628       180.7521 
 315.8999     -48.967        182.167 
 374.4109     -23.6328       185.3833 
 385.2846     -41.3714       189.1724 
 388.3405     -51.5097       179.4601 
 382.616      -53.0653       166.8053 
 378.3059     -36.3579       200.4213 
 365.8433     -40.853        144.8134 
 385.5271     -32.564        184.2721 
 352.8243     -47.7368       151.2256 
 344.605      -59.3474       148.7545 
 336.6553     -82.5191       182.4266 
 326.6992     -64.6947       202.8648 
 317.4397     -61.5345       179.6856 
 343.4065     -79.2952       188.8446 
 378.5784     -55.0641       192.2673 
 
'Sp2152FdRF
 347.0556     -35.7496       169.7119 
 352.4277     -19.0718       174.7518 
 343.7292     -24.445        174.8111 
 334.55       -27.1986       179.3557 
 343.9286     -36.2393       186.0433 
 340.8673     -36.7545       178.2632 
 346.6591     -48.9656       168.2798 
 355.3937     -40.8016       163.2033 
 362.2943     -27.6478       180.6751 
 357.0695     -27.6246       173.4523 
 339.867      -17.3306       169.6922 
 314.4212     -26.6462       177.8786 
 367.2017     -4.7062        166.5774 
 379.3031     -24.7847       167.745 
 382.8409     -35.2295       162.5432 
 371.6019     -37.5711       146.1707 
 377.6918     -18.8155       179.8789 
 354.6015     -22.0408       129.5816 
 378.9746     -13.9053       161.4131 
 340.6365     -29.9702       139.8226 
 333.3022     -43.259        141.1442 
 331.4705     -63.6976       169.5035 
 324.4659     -46.812        196.6428 
 314.6105     -47.6232       171.2143 
 339.3157     -60.1642       178.9151 
 374.382      -37.5549       170.4161 
 
'Sp2642FdRF
 349.1229     -33.6103       167.7545 
 350.5308     -19.7958       179.8642 
 343.5201     -24.0891       175.9697 
 334.3081     -30.2607       182.0122 
 340.9785     -42.014        189.8808 
 340.0534     -40.6664       182.2927 
 346.6298     -51            174.0335 
 354.4383     -37.3957       167.7934 
 357.7984     -26.7063       187.6152 
 355.1986     -28.828        179.0732 
 338.6038     -17.7115       170.53 
 312.0906     -29.0708       175.2895 
 367.6967     -4.4799        173.3499 
 377.5124     -24.2696       173.0524 
 381.7982     -32.1643       170.9772 
 373.7846     -31.4904       151.2876 
 374.3431     -17.1333       187.3623 
 360.4549     -17.5133       135.2664 
 378.143      -15.401        168.6906 
 343.7555     -28.9757       142.9019 
 337.7329     -39.3814       141.6434 
 332.4913     -61.198        165.5393 
 322.7611     -48.6554       192.6774 
 315.3132     -45.5279       170.1704 
 339.2025     -59.116        181.6116 
 372.5138     -36.1671       180.8371 
 
'Sp2667FdRF
 357.6812     -35.6987       164.1683 
 356.2556     -22.3159       172.8846 
 350.7686     -27.5522       171.5963 
 342.9244     -30.0459       178.1555 
 351.5739     -39.0966       186.409 
 348.9696     -38.328        176.0984 
 355.5417     -48.4507       164.361 
 363.8296     -40.6915       162.9348 
 367.8817     -31.3714       180.2907 
 364.6202     -30.6854       173.9649 
 343.8069     -19.6531       167.0791 
 323.1923     -32.2992       175.6388 
 373.058      -8.9019        167.5683 
 383.7813     -25.206        170.827 
 386.7967     -34.5535       163.2705 
 378.7669     -36.4073       151.0583 
 376.9358     -18.7351       183.2307 
 357.8065     -24.5532       134.9188 
 383.749      -19.9204       162.9824 
 348.6898     -33.7928       142.8427 
 343.204      -45.7667       143.6521 
 342.506      -63.5302       169.7367 
 335.447      -47.1271       193.9401 
 325.0747     -47.5496       170.4044 
 347.4571     -60.3491       179.4514 
 381.1287     -37.0517       172.9806 
 
'Sp2710FdRF
-169.4628     -313.7172      173.4656 
-154.5997     -321.6606      184.4812 
-157.7921     -309.7423      180.208 
-158.1389     -300.6508      184.9105 
-170.5726     -305.3897      194.6404 
-172.9457     -301.6012      182.7626 
-187.74       -302.8857      180.811 
-180.6698     -317.444       167.947 
-165.031      -327.1067      189.8767 
-166.4746     -320.6111      182.2919 
-149.0559     -308.6418      172.3649 
-150.292      -278.1613      180.2203 
-145.6427     -344.3359      176.5451 
-169.7273     -349.5394      180.739 
-182.4245     -347.5953      170.1302 
-179.4563     -338.3979      146.6711 
-162.4175     -346.2061      193.8924 
-153.2667     -326.906       130.2914 
-157.7777     -352.7324      172.968 
-157.2839     -309.4365      141.5666 
-168.6007     -294.2105      138.2178 
-194.1919     -285.6651      171.7431 
-171.7701     -278.0297      202.1804 
-167.3057     -271.6048      172.0167 
-192.0051     -292.3298      183.2302 
-182.7629     -335.9243      179.9917 
 
'Sp2681FdRF
-184.0562     -325.753       175.2394 
-171.1891     -325.562       184.6591 
-170.3651     -318.8722      183.7412 
-174.3527     -312.1898      188.9371 
-184.659      -314.5881      195.9983 
-184.7307     -312.4904      188.7414 
-198.5124     -315.3316      188.3212 
-192.4146     -329.2024      175.3953 
-180.4073     -337.2506      191.7084 
-179.6407     -331.1204      182.9384 
-159.1783     -318.5538      177.8365 
-168.8965     -288.7695      182.6281 
-157.8472     -348.4335      180.9235 
-180.389      -357.0075      178.9887 
-191.924      -356.6758      179.6992 
-192.6861     -350.2017      160.6504 
-172.6167     -355.6049      193.5084 
-167.7658     -336.2147      136.5768 
-169.9665     -358.4681      173.7142 
-166.334      -320.1148      142.7819 
-174.2728     -306.5331      141.4493 
-207.124      -302.4043      180.2048 
-185.7922     -291.3858      203.1935 
-185.0068     -286.2441      178.5224 
-207.3195     -302.7191      185.2155 
-192.2206     -347.8079      182.4867 
 
'Sp2698FdRF
-127.5115     -301.2128      178.5782 
-116.0985     -307.4229      186.0806 
-115.4326     -299.0692      185.0307 
-117.223      -289.6634      193.5135 
-130.3255     -291.8102      197.3987 
-129.3946     -290.7206      188.1997 
-142.3261     -293.3916      178.7239 
-133.3893     -307.5213      176.4745 
-123.3132     -314.0498      189.9859 
-121.146      -311.1415      187.0648 
-105.6655     -297.5769      179.9762 
-107.6654     -269.0084      186.5459 
-103.5878     -329.1435      179.2868 
-124.5702     -335.1979      181.8675 
-134.4204     -335.5264      175.9252 
-134.4213     -324.7924      159.8208 
-118.0226     -331.5281      192.7432 
-118.67       -312.1877      143.1191 
-115.5158     -336.5554      176.0395 
-121.1484     -295.322       150.6195 
-134.9955     -286.649       154.403 
-148.4239     -276.5898      184.1355 
-126.7593     -277.5996      204.7642 
-131.0427     -265.8041      181.0242 
-147.4789     -283.7261      188.1047 
-134.9284     -325.5603      183.7214 
 
'Sp2747FdRF
-124.3067     -294.7372      179.1793 
-110.7826     -300.9863      186.7087 
-110.973      -295.1376      185.2553 
-112.8912     -286.7248      190.6636 
-122.7818     -289.3987      198.5355 
-122.7183     -286.6039      190.5942 
-139.1375     -287.2184      185.4604 
-131.0158     -303.5536      179.1392 
-121.3025     -309.8407      195.6393 
-120.8338     -305.2189      187.8329 
-103.0501     -291.6634      178.9989 
-106.3829     -263.6306      185.7879 
-101.3807     -323.7896      178.9451 
-123.0099     -328.7176      185.132 
-131.6179     -330.3468      180.2446 
-132.9131     -323.1112      166.6246 
-115.6348     -326.7053      195.7659 
-113.5775     -310.0984      143.3604 
-113.8117     -330.2663      177.473 
-118.1344     -292.2049      151.3821 
-128.1532     -281.7375      151.7258 
-144.557      -269.738       183.0689 
-125.4725     -267.3242      204.922 
-116.6635     -259.655       181.2983 
-144.5854     -277.3839      188.3885 
-135.343      -321.3295      185.1099 
 
'Sp2781FdRF
-120.5348     -296.7628      169.2811 
-105.575      -301.7995      177.9478 
-108.0228     -294.7346      175.0581 
-110.2622     -285.1113      176.3333 
-120.982      -288.007       185.3925 
-122.0536     -285.3241      178.1462 
-136.1247     -289.7775      171.5898 
-128.8837     -302.0989      169.0959 
-117.6718     -307.8056      183.9939 
-118.3003     -302.5234      173.9978 
-100.8154     -292.4881      169.9366 
-107.8472     -261.4973      169.7033 
-94.9276      -320.1633      173.4728 
-116.5341     -328.0434      178.2011 
-124.9872     -333.1029      171.6703 
-120.4341     -327.5908      150.9465 
-109.4656     -323.0407      189.0622 
-96.3632      -314.461       137.1686 
-105.361      -331.7001      169.7374 
-104.8619     -298.6429      139.297 
-119.65       -285.6409      141.4457 
-144.2433     -269.2509      170.4476 
-124.3092     -262.4018      188.5184 
-122.6815     -260.0478      165.2534 
-142.2356     -277.7823      172.8879 
-130.1436     -319.5945      174.7954 
 
'Sp2752FdRF
-122.2734     -300.2029      183.4479 
-108.0357     -305.047       192.0027 
-111.0088     -295.2754      190.3381 
-109.8361     -287.4432      194.4073 
-122.3706     -289.8314      202.9809 
-121.7233     -288.1252      197.5568 
-134.9178     -294.1068      186.821 
-132.5618     -305.7963      183.6995 
-119.9513     -307.2027      200.2065 
-119.25       -306.064       193.5215 
-99.3445      -294.3787      184.9917 
-105.7966     -266.7508      189.1014 
-101.3137     -328.4662      187.0504 
-123.5525     -331.3254      191.8455 
-131.9882     -332.4941      189.1026 
-134.1521     -324.4205      173.3786 
-114.7841     -325.9251      205.352 
-117.9335     -313.6383      148.3923 
-114.908      -334.8761      185.5717 
-116.4455     -296.1434      155.5467 
-124.2479     -283.8751      156.689 
-144.5066     -274.9503      188.0819 
-123.2078     -270.7979      209.5906 
-121.794      -264.284       183.5507 
-144.2682     -281.9093      191.0263 
-134.9102     -320.6685      192.0211 
 
'Sp2750FdRF
-98.4381      -298.6254      175.431 
-83.7449      -301.4712      186.4378 
-87.9749      -292.9395      183.3009 
-88.7862      -285.8984      187.0375 
-101.0822     -287.4626      194.9293 
-101.0047     -287.1758      184.8613 
-112.835      -288.3893      181.7235 
-107.057      -303.1832      173.8214 
-95.8906      -307.4557      193.9943 
-97.0022      -303.2007      185.3653 
-77.9829      -293.891       177.5033 
-85.565       -260.8126      180.839 
-74.8256      -323.6231      182.376 
-98.6376      -328.9493      183.6865 
-105.4544     -333.3326      180.6657 
-106.5098     -325.4479      164.3346 
-90.0743      -326.1956      198.6934 
-87.9788      -314.485       140.8859 
-85.1609      -333.2236      179.0295 
-95.136       -298.5616      149.0714 
-103.8891     -286.7104      146.7964 
-120.5494     -270.642       179.0684 
-100.3741     -266.6553      199.9748 
-94.4453      -260.2942      176.7806 
-119.673      -277.2537      184.5395 
-109.2347     -321.4667      186.2885 
 
'Sp2776FdRF
-118.5131     -295.786       179.1969 
-107.4971     -303.7273      186.7616 
-106.4795     -297.1407      184.9052 
-109.3403     -287.353       190.4543 
-119.0093     -290.7889      196.5276 
-118.6126     -289.1172      189.0586 
-132.6446     -292.3853      182.4342 
-126.1959     -306.3872      178.8605 
-117.3994     -312.5903      193.625 
-116.7704     -307.9909      186.3763 
-98.8901      -294.1675      180.4959 
-103.9946     -264.4178      187.5788 
-97.1177      -327.9003      179.2776 
-115.1451     -331.7129      186.4166 
-127.9287     -336.1444      180.7043 
-129.6876     -324.6379      160.6146 
-110.5211     -330.3825      194.7042 
-114.4636     -313.8184      137.9382 
-109.4847     -335.0743      174.3907 
-115.9954     -291.5225      149.7321 
-126.1411     -280.2708      148.6922 
-143.6959     -270.6629      184.6275 
-121.8812     -268.6961      205.9212 
-123.0183     -261.256       180.6454 
-143.9845     -276.9826      186.5473 
-130.8754     -324.8595      183.605 
 
'Sp2751FdRF
-115.1762     -297.3821      181.0435 
-101.4477     -301.8291      189.3087 
-103.5128     -294.1282      187.0339 
-104.4605     -286.3542      189.4844 
-116.313      -287.1507      201.1506 
-116.9224     -285.277       190.881 
-129.6061     -292.2543      184.1648 
-123.8959     -304.9291      182.873 
-111.342      -308.2373      201.0398 
-113.1962     -305.1708      191.3465 
-95.6456      -291.1618      181.9152 
-95.4023      -261.6317      181.9886 
-92.9852      -325.9339      185.2777 
-120.4116     -329.8543      188.2917 
-126.0331     -330.2006      181.883 
-127.9576     -322.5601      170.8709 
-104.6448     -327.3784      202.135 
-108.7077     -319.4307      144.2138 
-106.2957     -334.3056      182.8738 
-107.1459     -298.5239      148.3237 
-114.8629     -288.7458      147.1901 
-137.4181     -265.605       183.853 
-116.657      -261.6786      203.7607 
-109.3714     -256.9539      182.4878 
-137.5563     -276.9673      183.3797 
-128.267      -320.3724      187.5644 
 
'Sp2748FdRF
-124.5986     -297.9718      181.2839 
-111.0156     -302.8321      188.5202 
-112.6664     -295.0369      186.8684 
-114.4775     -285.7557      190.8702 
-127.5216     -286.1604      199.5052 
-126.8859     -287.4225      189.6248 
-138.329      -290.763       181.3345 
-132.8233     -304.8626      178.2725 
-123.6138     -308.1221      194.8742 
-121.4619     -305.2284      189.7804 
-105.0014     -293.0504      182.6518 
-108.1057     -264.0315      184.4002 
-105.5609     -326.8609      184.2311 
-127.2626     -326.959       184.5812 
-136.7497     -327.4571      180.4972 
-135.5798     -322.6153      166.5497 
-118.4975     -325.0508      200.0459 
-113.4284     -313.2843      144.2748 
-115.3598     -332.0777      180.8669 
-117.1543     -294.1436      153.83 
-125.8227     -282.0977      150.5385 
-146.9005     -269.2253      182.8465 
-129.0007     -265.9237      203.1464 
-122.8669     -259.0309      179.5443 
-146.223      -277.3052      189.2719 
-136.9371     -320.7069      187.3816 
 
'Sp2670FdRF
-115.7585     -295.6618      182.0836 
-102.9375     -302.8287      192.4339 
-106.0731     -293.5279      189.2681 
-105.9146     -282.3997      193.0626 
-119.1226     -285.5004      200.0975 
-116.849      -285.6015      189.4287 
-130.7545     -286.4995      183.2122 
-123.5022     -303.2276      182.9229 
-112.8898     -309.1818      201.9385 
-112.3814     -306.1617      194.3025 
-96.4682      -291.4317      183.2379 
-97.4232      -264.7858      185.3071 
-93.5929      -322.749       189.2743 
-112.1607     -330.2649      196.6178 
-126.7202     -329.3003      185.167 
-125.4975     -325.0255      169.2689 
-105.3235     -326.276       204.5038 
-105.5803     -315.9319      148.8947 
-108.4865     -333.3582      184.2953 
-113.0481     -294.5753      156.6582 
-121.9929     -282.9781      153.2447 
-137.7482     -264.6174      182.2566 
-117.6933     -262.0943      204.4593 
-113.9722     -257.6504      178.2343 
-137.8261     -273.8347      187.8591 
-127.5424     -322.526       190.9876 
 
'Sp2175FdRF
-125.8324     -301.1887      193.3797 
-112.8172     -304.5831      201.6648 
-113.8425     -294.8763      197.448 
-114.9957     -287.4896      199.5596 
-126.3115     -287.2973      210.2252 
-127.1316     -288.4108      202.6673 
-138.6617     -292.8198      200.1681 
-134.8087     -307.2747      194.5003 
-121.1548     -309.6118      214.2549 
-121.5969     -307.9962      205.472 
-108.1725     -294.588       192.6195 
-113.4177     -268.6641      192.1064 
-103.7623     -324.3492      200.7204 
-123.6382     -328.4765      206.6836 
-134.6323     -329.7292      203.0206 
-135.3357     -327.7245      188.8273 
-119.0913     -325.9149      217.1114 
-118.8094     -319.4971      162.4273 
-116.6404     -332.4179      198.1913 
-119.5236     -307.7778      164.804 
-127.9184     -294.9218      163.3723 
-148.4828     -277.0948      191.8902 
-131.5604     -268.4422      210.6103 
-129.9584     -268.0575      188.7958 
-147.8085     -283.0818      198.0965 
-136.0259     -321.236       207.107 
 
'Sp2189FdRF
 314.8634     -152.3566      172.4476 
 324.1102     -140.1561      182.2619 
 312.3553     -140.3567      178.8825 
 304.1503     -140.6356      185.5926 
 305.0316     -154.838       193.004 
 305.0598     -154.2314      182.2925 
 305.3876     -166.9977      181.1091 
 321.0031     -160.3208      173.1665 
 326.618      -150.5569      187.9139 
 322.7947     -151.2947      181.3181 
 311.4169     -132.7184      175.1511 
 282.6967     -134.937       179.3722 
 343.7221     -131.6588      175.5583 
 347.6494     -152.7693      177.1364 
 349.8551     -163.1354      173.3393 
 341.4759     -163.5377      157.7479 
 346.8799     -148.4763      189.2843 
 330.8159     -145.4425      135.1101 
 350.7122     -142.2949      173.4044 
 311.2969     -145.9871      143.13 
 299.5837     -152.1404      141.6625 
 286.7025     -174.4681      175.6087 
 284.5121     -153.5305      198.528 
 278.1052     -149.1881      172.0735 
 291.5027     -174.7364      181.4128 
 336.921      -164.2238      180.3578 
 
'Sp2192FdRF
 308.584      -149.7131      176.6245 
 317.8159     -137.3167      182.4953 
 307.2765     -139.9293      180.891 
 297.9606     -139.7209      182.9093 
 300.5314     -150.0032      191.9474 
 299.7452     -150.986       182.2605 
 302.3077     -165.7697      180.3498 
 314.5039     -158.5057      176.712 
 317.2355     -149.4605      192.2031 
 316.7331     -148.8601      184.5883 
 306.7208     -131.6851      175.37 
 277.7751     -130.3156      174.417 
 334.2866     -128.842       178.9559 
 340.7257     -152.8683      182.9763 
 343.7631     -165.0875      179.0588 
 343.2171     -164.753       164.3039 
 340.1288     -146.892       193.9233 
 332.8446     -139.4462      142.1833 
 343.5342     -140.6563      172.7317 
 316.2687     -139.8277      141.3737 
 301.6269     -153.8273      143.1688 
 280.6851     -172.1513      172.8769 
 273.4959     -153.0645      195.7831 
 272.9278     -151.7697      169.342 
 289.6671     -171.1041      179.3065 
 332.6822     -165.0112      180.3999 
 
'Sp2204FdRF
 315.0627     -140.0092      176.9076 
 325.9664     -127.668       183.0204 
 314.8017     -129.7712      179.4685 
 307.0795     -132.0411      185.0138 
 308.7351     -139.8572      193.7117 
 307.7946     -140.4783      182.7327 
 309.9763     -151.6531      179.03 
 324.3855     -150.3255      175.3812 
 329.6068     -139.4251      189.4206 
 325.9268     -138.6378      183.9065 
 314.4906     -122.5517      173.7708 
 285.7347     -122.4955      180.688 
 348.1539     -122.8559      176.665 
 348.2054     -142.5221      181.0374 
 346.5496     -155.2303      171.6248 
 340.3729     -153.4837      159.1901 
 347.4738     -135.5         191.3244 
 330.2553     -136.6911      140.2762 
 352.4051     -133.8429      173.4763 
 314.7476     -136.6798      147.6105 
 300.8437     -143.69        148.1282 
 288.0373     -160.6732      176.7256 
 287.8801     -142.1673      200.8332 
 280.0201     -139.9265      176.6923 
 293.6074     -158.4845      186.98 
 338.4911     -153.0928      182.8108 
 
'Sp2205FdRF
 321.5058     -166.8293      178.7486 
 329.392      -150.7064      187.5284 
 316.8512     -154.0482      186.3116 
 309.3023     -154.4782      192.9866 
 312.6509     -170.1072      200.0872 
 310.3875     -165.6357      192.4098 
 312.7446     -181.3371      180.6108 
 329.7915     -177.5202      177.0254 
 334.0287     -167.4432      195.6598 
 328.6627     -165.8778      185.657 
 317.9003     -146.8829      179.7129 
 288.0226     -148.8469      184.782 
 348.8806     -146.0842      179.7289 
 352.8868     -166.9831      184.6138 
 349.9373     -179.5485      176.2625 
 341.6451     -182.03        166.1185 
 353.2365     -160.4407      195.1414 
 334.2642     -161.9889      142.5559 
 356.8829     -162.1105      177.9174 
 316.4101     -159.6195      149.8981 
 305.4044     -173.0431      151.3722 
 293.6529     -188.3368      184.4424 
 291.9871     -170.7775      206.5261 
 282.3055     -167.894       180.7408 
 297.9197     -187.9094      189.7586 
 342.808      -179.4108      184.4755 
 
'Sp2240FdRF
 315.7223     -148.8683      171.1864 
 327.7635     -137.9854      177.8807 
 316.7555     -139.7884      177.2827 
 309.0576     -140.6044      184.3823 
 311.1118     -153.6572      192.5732 
 309.4423     -151.9212      182.0618 
 309.3253     -164.2397      175.4475 
 320.8106     -155.9442      167.5299 
 330.4644     -150.8079      184.4544 
 327.0417     -148.16        179.5499 
 315.2231     -128.4981      173.5192 
 290.8775     -132.9949      186.295 
 345.8104     -131.7489      169.0218 
 347.0744     -149.6783      174.4512 
 345.3328     -161.932       165.0719 
 336.9977     -159.5989      152.023 
 347.2522     -147.7817      184.1933 
 321.6605     -143.2688      135.9837 
 349.2513     -144.3708      167.9895 
 307.3546     -141.6797      148.9671 
 297.4115     -149.5104      150.0319 
 293.2197     -169.7148      178.6673 
 296.1519     -154.1806      201.1788 
 283.1298     -145.4465      176.6284 
 297.3506     -168.9491      185.6253 
 338.079      -161.5251      173.5401 
 
'Sp2298FdRF
 275.4961     -139.2852      179.2859 
 284.4666     -123.4459      189.5731 
 272.8125     -124.1076      186.9394 
 264.086      -125.2575      191.2095 
 266.325      -137.4344      199.142 
 265.4777     -137.2868      190.6824 
 270.0521     -151.8324      180.551 
 282.2731     -148.5622      174.0695 
 288.9513     -136.9265      195.9529 
 284.6689     -135.7757      185.6635 
 274.8927     -115.3356      180.8038 
 240.5627     -116.531       181.5923 
 310.1916     -115.0709      181.8462 
 310.9856     -138.7625      185.7681 
 310.8371     -150.3327      176.9296 
 301.1087     -152.3883      165.4072 
 310.8135     -132.4516      198.8616 
 292.6541     -128.2158      139.8547 
 314.3134     -131.6916      177.7291 
 275.8069     -126.2107      146.1246 
 261.3165     -142.5916      148.389 
 249.0661     -160.4486      178.4812 
 242.0047     -138.6216      206.4319 
 236.0745     -131.3531      177.6381 
 254.02       -159.2508      186.896 
 299.2533     -150.3788      186.3299 
 
'Sp2309FdRF
 278.0818     -133.3613      183.7288 
 286.0913     -119.8989      192.8443 
 274.6776     -122.2114      189.5959 
 266.9678     -121.5201      193.4224 
 267.7544     -134.9418      203.1842 
 268.8444     -134.3088      192.579 
 269.2998     -148.1277      189.6428 
 283.6311     -144.9672      178.8982 
 287.9328     -133.8086      200.6239 
 284.8405     -133.0909      191.7108 
 276.7859     -114.7416      183.776 
 245.9369     -120.1148      191.0519 
 307.0102     -114.7811      189.1344 
 307.5424     -138.2948      190.951 
 307.5966     -147.5109      187.584 
 299.5783     -148.334       174.1029 
 307.9624     -130.6644      201.6179 
 293.8878     -131.6833      150.0851 
 312.3121     -132.3627      185.0894 
 277.5695     -126.4667      155.7372 
 265.4623     -137.3003      154.5319 
 252.372      -152.2342      187.4613 
 251.798      -133.6898      206.6277 
 244.7182     -134.7159      182.2888 
 260.3461     -152.9713      192.8772 
 299.8873     -148.7858      192.7342 
 
'Sp2327FdRF
 272.3302     -129.5303      184.0954 
 283.4056     -116.28        189.249 
 274.0682     -115.291       186.8441 
 266.5432     -115.7456      192.9784 
 267.2593     -130.6683      203.1777 
 265.9972     -129.4859      191.0196 
 263.5852     -144.1135      186.1617 
 279.732      -139.6931      179.5635 
 287.9339     -128.1879      198.5272 
 284.0114     -129.0068      188.8556 
 273.6197     -109.5544      182.1739 
 243.4114     -108.1413      189.8749 
 302.0037     -109.2031      183.4606 
 308.9542     -134.2971      185.3599 
 308.3383     -145.3911      180.9563 
 297.7786     -145.6966      165.6779 
 309.1604     -123.4628      198.8099 
 287.4166     -126.1017      141.4812 
 312.0903     -129.6718      176.7184 
 272.3385     -127.2137      152.5579 
 257.5168     -134.8201      153.5867 
 242.4271     -149.5431      184.2218 
 244.5087     -129.624       209.9179 
 235.6307     -125.0921      185.1306 
 253.0183     -150.4974      186.5528 
 298.2757     -146.7025      184.712 
 
'Sp2368FdRF
 285.5475     -108.7578      161.5154 
 294.8249     -96.6256       172.6631 
 285.051      -97.4126       169.7012 
 275.3126     -100.5119      175.3279 
 277.9159     -111.4016      182.0461 
 275.7588     -111.5319      171.199 
 277.1663     -125.3843      167.2369 
 288.3371     -118.7843      158.8148 
 298.4714     -108.8668      177.3844 
 294.0359     -107.7983      171.0517 
 282.8098     -90.7408       166.264 
 252.6124     -94.7371       171.5716 
 312.6114     -90.038        163.5584 
 315.3372     -113.4629      164.1979 
 316.2168     -121.1099      158.2099 
 307.8258     -120.3553      144.151 
 314.7459     -106.0703      178.2495 
 297.1154     -101.5699      125.7124 
 318.4134     -101.3125      157.604 
 279.2252     -99.7961       134.6236 
 268.6678     -109.4104      134.6031 
 255.9203     -131.5193      165.6698 
 254.7968     -114.104       189.1278 
 247.9141     -108.3895      164.5422 
 263.3993     -130.2504      176.9869 
 305.4884     -122.2595      168.7659 
 
'Sp2369FdRF
 280.7253     -142.9384      182.5481 
 288.7802     -131.7427      188.9001 
 279.0928     -131.0764      186.9395 
 272.9084     -132.4044      192.237 
 275.9325     -142.4961      201.4344 
 273.9844     -142.8171      190.8889 
 276.4347     -156.7806      184.2518 
 287.8323     -153.7631      179.7469 
 296.1111     -141.7417      196.474 
 291.7248     -141.6981      189.0366 
 279.906      -123.8564      182.1683 
 250.7826     -125.3953      190.1092 
 310.7022     -123.8097      182.6948 
 313.9472     -145.5096      185.3087 
 313.9227     -155.209       175.4929 
 307.1223     -155.812       162.5604 
 314.4073     -139.0751      194.7551 
 293.253      -137.3813      140.0053 
 316.6023     -133.7091      175.272 
 275.5691     -139.9634      150.6251 
 261.7801     -150.9862      153.2679 
 255.9308     -165.2267      183.6353 
 256.6445     -144.7001      209.213 
 246.6979     -139.972       185.1447 
 263.9097     -163.9912      191.1587 
 303.7389     -156.6673      184.966 
 
'Sp2382FdRF
 278.0186     -116.4711      178.7185 
 286.6312     -104.8392      187.1157 
 277.5305     -105.3495      184.3379 
 270.8965     -104.4614      190.4908 
 273.7121     -116.2782      196.9047 
 270.8847     -116.0533      186.7549 
 272.1392     -130.3727      182.9139 
 284.9931     -127.1495      177.0101 
 291.9322     -114.0917      194.3626 
 287.5762     -112.3444      188.3335 
 278.1168     -96.7906       176.5592 
 249.8673     -91.4382       186.5268 
 309.1929     -94.0872       178.2282 
 311.9173     -117.366       180.4127 
 314.5458     -129.7947      176.1676 
 304.4787     -130.5811      160.7077 
 312.4378     -109.9618      194.1628 
 293.1635     -109.0861      137.3286 
 317.8044     -109.6215      173.4529 
 277.5565     -108.307       146.8574 
 261.5009     -118.3759      148.1243 
 249.5698     -137.7735      182.7857 
 248.4355     -116.1501      206.7558 
 241.1614     -111.2218      180.4216 
 260.6319     -137.1078      184.788 
 304.0634     -129.914       182.774 
 
'Sp2843FdRF
 248.966      -127.9123      162.2296 
 259.7457     -116.6729      170.7005 
 250.1286     -117.4825      167.0077 
 240.853      -117.4736      175.0392 
 240.2043     -129.8503      184.0774 
 239.8786     -128.9231      173.3791 
 241.5823     -140.4584      165.5071 
 257.5322     -139.1259      159.5584 
 266.5909     -130.2162      176.9326 
 260.4713     -128.8205      168.9931 
 250.9012     -108.9777      161.6938 
 221.8206     -107.915       171.0584 
 281.8866     -110.659       163.5424 
 283.5025     -131.7014      165.685 
 280.5526     -143.5353      155.0313 
 273.1783     -142.9995      143.786 
 285.0361     -123.4623      176.5654 
 262.9192     -124.8017      123.315 
 286.8036     -123.4822      157.758 
 245.2965     -122.2332      133.4698 
 231.8975     -127.9627      133.4236 
 219.0893     -146.167       164.6932 
 221.0907     -124.94        190.5288 
 214.0378     -127.0224      164.6856 
 228.0516     -148.1719      167.634 
 272.9453     -145.2773      161.4544 
 
'Sp2874FdRF
 247.0452     -131.4569      157.0903 
 257.9905     -118.103       166.8168 
 246.4098     -119.1431      162.4367 
 237.3064     -119.9295      167.2028 
 240.7148     -135.2304      175.3899 
 240.1788     -133.2502      165.122 
 243.4918     -145.339       159.7004 
 257.9088     -141.8986      153.7567 
 262.1611     -132.2906      174.731 
 258.4532     -130.6996      163.5666 
 245.4593     -110.4331      157.8267 
 216.9017     -114.8256      160.9875 
 280.6392     -112.8017      163.6291 
 282.9115     -134.8591      164.1624 
 282.607      -144.5469      155.6206 
 274.349      -144.9966      145.4249 
 281.7653     -128.8958      176.0607 
 265.8461     -121.7607      121.2856 
 286.1906     -130.6679      158.6743 
 249.3785     -122.1915      126.6158 
 238.4322     -133.3245      125.8874 
 223.6099     -152.8652      157.1279 
 219.766      -133.3595      178.6648 
 212.9986     -125.7735      156.1747 
 230.7123     -153.4717      158.6931 
 272.9934     -147.5455      159.887 
 
'Sp2459FdRF
 233.8264     -132.4583      155.6115 
 245.2249     -121.1178      164.8971 
 234.9974     -121.8332      160.6712 
 226.8634     -122.6184      165.638 
 226.5478     -135.2338      171.0463 
 227.3377     -133.3261      162.6004 
 226.9802     -145.6182      158.685 
 242.0459     -140.9196      154.0609 
 246.1665     -133.7633      171.2136 
 243.7732     -131.4932      162.9379 
 234.6265     -115.3051      157.5317 
 208.2727     -119.4198      161.1469 
 264.5767     -118.0436      161.3102 
 265.1175     -136.7905      166.0287 
 264.3959     -145.4374      158.1115 
 260.8599     -142.5613      146.1584 
 264.0081     -131.6763      173.2492 
 255.5806     -128.8087      126.9565 
 269.385      -130.2615      158.6593 
 238.7372     -124.3609      128.6087 
 230.4205     -131.5705      126.3594 
 208.2818     -147.8547      152.0739 
 207.3267     -130.5212      171.3957 
 204.9832     -124.7926      151.3403 
 216.5546     -149.1458      157.8322 
 256.3665     -146.5312      160.9302 
 
'Sp2070FdRF
 210.6534     -144.9198      158.6503 
 223.1397     -132.3596      170.3408 
 213.4388     -132.7043      164.9596 
 205.0212     -134.1361      169.6872 
 203.7283     -148.1693      175.7768 
 203.5085     -146.5104      167.1728 
 204.8373     -158.7299      160.0764 
 217.4442     -153.5127      152.2245 
 224.4817     -145.1772      174.1732 
 220.9803     -144.0228      165.1992 
 212.1183     -124.7548      160.9665 
 183.2322     -124.6386      161.2244 
 246.2361     -126.8921      164.2725 
 244.9827     -146.5158      164.444 
 246.016      -156.5083      156.0929 
 236.2455     -155.8176      139.1982 
 240.2873     -140.625       178.2402 
 228.9861     -131.5368      121.0958 
 249.2635     -139.2877      157.1468 
 211.6009     -137.6659      130.0337 
 199.5966     -140.6077      126.965 
 185.8267     -163.5724      155.4354 
 184.4749     -146.0548      179.9504 
 178.1931     -137.7299      155.4236 
 192.9454     -164.3353      161.4532 
 235.4276     -158.32        162.7342 
 
'Sp2957FdRF
 232.8918     -154.8078      157.2468 
 244.2701     -143.7417      166.4082 
 234.325      -145.1481      164.0264 
 225.1536     -143.595       168.2228 
 225.9367     -157.948       173.6921 
 225.4894     -157.1297      165.1009 
 225.232      -168.4922      158.2882 
 242.8585     -163.248       155.2025 
 248.0937     -154.1072      171.506 
 243.4027     -153.5214      161.767 
 234.0743     -136.4859      161.1587 
 206.0696     -137.168       164.9221 
 266.2645     -137.8709      165.4708 
 269.1738     -160.1312      163.5891 
 267.6906     -168.5298      154.3293 
 261.0319     -166.7345      142.4028 
 267.6974     -152.1865      175.9092 
 249.5326     -144.4133      123.1718 
 272.4621     -149.1432      158.5678 
 236.2958     -144.6355      129.7413 
 223.4006     -151.3853      126.872 
 206.2785     -174.0138      155.285 
 205.5862     -155.44        179.0272 
 198.608      -149.3454      155.6807 
 213.0589     -173.5602      162.4968 
 258.6155     -169.2449      158.453 
 
'Sp2004FdRF
 232.397      -139.8968      161.2559 
 245.7351     -126.4144      165.6825 
 235.9027     -128.8766      165.8549 
 229.7785     -128.6946      171.3198 
 231.4486     -142.5272      179.0584 
 228.8683     -141.7534      170.1832 
 226.8934     -155.7201      168.0954 
 237.4662     -148.6213      152.406 
 248.7987     -138.7682      168.3811 
 244.4653     -138.0885      163.6382 
 232.6916     -118.9467      161.9374 
 209.3296     -118.0209      175.8796 
 266.0726     -119.2338      153.7288 
 265.6874     -142.6106      154.4278 
 263.7549     -151.5452      144.788 
 255.3113     -150.1137      134.5328 
 268.7861     -136.0992      166.7681 
 236.2233     -131.9958      119.0352 
 268.4274     -132.6925      146.4092 
 220.953      -133.0691      131.2907 
 211.6516     -144.2359      134.8855 
 210.1464     -161.2532      164.1626 
 216.9414     -142.5901      192.1253 
 199.572      -134.4541      170.219 
 217.0121     -161.2639      167.9024 
 254.2339     -153.8105      152.9481 
 
'Sp2647FdRF
 352.4366     -54.8511       181.7685 
 355.7543     -37.6726       188.6077 
 346.0434     -45.5014       186.0057 
 338.7382     -48.8477       191.2989 
 346.2783     -61.4666       199.2412 
 345.5528     -59.2634       189.7833 
 353.1907     -70.0154       179.903 
 363.8146     -59.2218       179.284 
 365.8882     -49.3522       197.555 
 361.6376     -47.4875       190.932 
 343.6134     -35.6628       180.7521 
 315.8999     -48.967        182.167 
 374.4109     -23.6328       185.3833 
 385.2846     -41.3714       189.1724 
 388.3405     -51.5097       179.4601 
 382.616      -53.0653       166.8053 
 378.3059     -36.3579       200.4213 
 365.8433     -40.853        144.8134 
 385.5271     -32.564        184.2721 
 352.8243     -47.7368       151.2256 
 344.605      -59.3474       148.7545 
 336.6553     -82.5191       182.4266 
 326.6992     -64.6947       202.8648 
 317.4397     -61.5345       179.6856 
 343.4065     -79.2952       188.8446 
 378.5784     -55.0641       192.2673 
 
'Sp2666FdRF
 233.4631     -121.2792      168.1729 
 244.747      -106.0297      177.3878 
 233.3167     -108.5527      175.3809 
 224.4025     -111.0074      181.0168 
 227.5583     -123.7952      187.9842 
 224.7342     -122.1794      178.317 
 226.278      -135.6415      172.916 
 240.6864     -129.3852      166.148 
 248.48       -119.2799      182.7659 
 243.9892     -119.9102      175.796 
 231.9658     -100.5146      171.2668 
 199.626      -109.9117      180.1368 
 264.6779     -97.7328       169.6825 
 267.7065     -121.2746      169.6573 
 269.3968     -131.1898      165.9704 
 259.078      -131.6646      151.4612 
 268.1549     -116.6299      184.699 
 252.3917     -108.36        129.1119 
 271.2362     -114.764       164.7601 
 230.5908     -111.8308      139.6526 
 218.7621     -120.661       137.8628 
 203.6742     -142.9858      169.1721 
 202.859      -123.7868      195.33 
 196.7862     -122.965       170.4563 
 213.5417     -143.4215      168.9562 
 258.5071     -134.4861      169.1521 
[polygons]
1 2 3
1 2 10
1 3 4
1 4 6
1 5 25
1 6 7
1 7 8
1 8 10
2 3 11
2 9 10
2 9 17
2 11 13
2 13 17
3 4 11
4 5 6
4 5 23
4 11 12
4 12 23
5 6 7
5 7 25
5 23 25
7 8 20
7 20 21
7 21 22
7 22 25
8 9 10
8 9 26
8 16 18
8 16 26
8 18 20
9 17 26
12 21 24
12 23 24
13 17 19
13 18 19
14 15 17
14 15 19
14 17 19
15 16 19
15 16 26
15 17 26
16 18 19
21 22 24
22 23 24
22 23 25


