[individuals]
 72 
[landmarks]
 21 
[dimensions]
 3 
[names]
Sp2686TpRF
Sp2124TpRM
Sp2131TpRM
Sp2577TpRM
Sp2146TpRM
Sp2679TpRM
Sp2676TpRM
Sp2678TpRM
Sp2749TpRM
Sp2753TpRM
Sp2808TpRM
Sp2165TpRM
Sp2720TpRM
Sp2178TpRM
Sp2182TpRM
Sp2203TpRM
Sp2207TpRM
Sp2223TpRM
Sp2255TpRM
Sp2291TpRM
Sp2720TpRM25
Sp2799TpRM27
Sp2875TpRM38
Sp2495TpRM39
Sp2542TpRM39
Sp2022TpRM40
Sp2468TpRM50
Sp2424TpRM56
Sp2602TpRM51
Sp2063TpRM92
Sp2442TpRM71
Sp2776TpRM84
Sp2099TpRF
Sp2111TpRF
Sp2130TpRF
Sp2596TpRF
Sp2142TpRF
Sp2647TpRF
Sp2152TpRF
Sp2642TpRF
Sp2667TpRF
Sp2710TpRF
Sp2681TpRF
Sp2698TpRF
Sp2747TpRF
Sp2781TpRF
Sp2752TpRF
Sp2750TpRF
Sp2776TpRF
Sp2751TpRF
Sp2748TpRF
Sp2670TpRF
Sp2175TpRF
Sp2189TpRF
Sp2192TpRF
Sp2204TpRF
Sp2205TpRF
Sp2240TpRF
Sp2298TpRF
Sp2309TpRF
Sp2327TpRF
Sp2368TpRF
Sp2369TpRF
Sp2382TpRF
Sp2843TpRF28
Sp2874TpRF27
Sp2459TpRF29
Sp2070TpRF35
Sp2957TpRF39
Sp2004TpRF49
Sp2647TpRF65
Sp2666TpRF62
[groups]
Sp 72
[rawpoints]
'Sp2686TpRF
 340.0745     -28.3785       167.266 
 342.3972     -24.0931       150.2594 
 352.9602     -17.8486       146.1974 
 339.8966     -17.497        182.5976 
 360.3901     -12.0227       158.784 
 361.2143     -11.0507       176.8078 
 346.8185     -14.913        163.9005 
 328.2351     -31.492        168.2466 
 319.292      -25.5801       143.2135 
 320.1588     -22.0683       181.09 
 299.7464     -29.1933       152.0275 
 298.1073     -30.6325       169.8988 
 311.958      -26.6636       162.3799 
 321.1062      2.0745        132.9728 
 308.6978     -16.1112       138.9113 
 341.9308     -8.2193        139.5434 
 301.9841     -11.1189       176.6848 
 319.1223     -17.2894       181.1485 
 330.9158     -0.0788        183.2979 
 290.9326     -16.6068       171.0233 
 351.2154      6.6051        175.3966 
 
'Sp2124TpRM
 348.4876     -28.7741       169.4487 
 351.9214     -25.8558       153.1222 
 358.9791     -21.8962       146.8697 
 343.5031     -17.6147       185.769 
 368.5326     -13.2989       155.1895 
 366.0152     -8.3595        182.7109 
 355.1423     -15.2997       165.2849 
 338.1649     -34.5885       163.8283 
 329.3523     -33.0088       138.7173 
 323.1078     -25.6912       177.4134 
 311.5529     -38.9196       144.6154 
 305.6814     -36.1805       163.2058 
 322.3069     -33.1201       156.6893 
 327.1386      1.6955        121.7999 
 320.2646     -21.3105       128.7445 
 350.312      -12.6621       136.9663 
 304.6882     -21.8089       167.5158 
 322.1671     -19.5991       175.5577 
 340.8628     -4.1142        185.7942 
 297.8055     -23.9305       157.1311 
 353.7384      6.6519        178.8243 
 
'Sp2131TpRM
 346.5487     -72.3122       167.6393 
 338.7234     -72.0852       151.7409 
 332.9066     -73.6777       146.4472 
 337.2961     -62.1639       185.3264 
 316.6934     -77.7345       160.5481 
 315.4073     -72.8724       176.644 
 329.1133     -72.192        165.7992 
 357.8449     -70.651        172.5118 
 360.4985     -68.7288       149.9384 
 364.564      -54.3438       189.008 
 379.7325     -54.4247       153.606 
 382.8228     -50.2267       172.5561 
 366.3063     -57.2547       163.4297 
 329.3967     -40.572        126.614 
 355.5369     -49.6083       136.9333 
 317.5255     -59.825        137.9493 
 354.7596     -40.9277       185.3811 
 341.3494     -54.6931       185.4916 
 323.5964     -55.0188       182.1754 
 367.3716     -31.8537       177.9755 
 311.6866     -60.2382       182.9664 
 
'Sp2577TpRM
 349.0287     -61.0934       164.667 
 352.285      -57.3272       147.4444 
 361.6925     -49.6335       142.0507 
 352.3569     -47.091        185.1309 
 371.2361     -42.1846       154.3359 
 368.7416     -40.4123       175.164 
 355.2706     -47.2666       163.1799 
 339.4687     -62.188        160.9451 
 328.1699     -58.017        135.5523 
 326.2787     -57.3862       175.0856 
 311.5338     -63.3891       145.8149 
 307.3997     -61.3125       163.5319 
 323.2743     -59.9254       156.8835 
 332.2979     -24.5875       122.3565 
 319.9777     -47.1859       126.7713 
 353.3113     -32.1553       134.4978 
 311.779      -42.4414       173.2509 
 329.4012     -43.8031       177.2854 
 349.5123     -31.0253       181.9757 
 301.7018     -44.7685       160.7834 
 354.3427     -27.5636       181.3795 
 
'Sp2146TpRM
 346.1164     -38.634        163.964 
 344.4151     -36.1311       148.4809 
 347.7653     -29.9361       137.8202 
 347.95       -29.4812       183.972 
 365.2979     -23.3024       148.6765 
 366.4304     -20.7994       175.856 
 353.2855     -26.6886       159.0544 
 331.352      -42.0435       160.6973 
 318.2445     -38.3392       139.6133 
 324.9063     -35.6189       176.864 
 302.9618     -41.0699       148.6027 
 301.259      -39.1563       166.4737 
 315.0811     -39.5796       158.7264 
 323.2912     -4.3914        129.7538 
 309.2491     -19.9088       133.8079 
 347.3107     -17.4067       137.244 
 307.2682     -25.2999       172.7448 
 323.7491     -28.0561       176.9765 
 337.6249     -18.5242       183.551 
 297.5081     -28.2002       163.3241 
 355.51       -8.4748        178.1538 
 
'Sp2679TpRM
-184.2561     -316.1054      172.8157 
-181.8591     -318.8562      151.9336 
-177.9217     -324.7603      144.0494 
-172.3423     -323.3881      191.7071 
-174.1556     -342.3409      154.8557 
-171.7162     -345.3962      178.9209 
-174.7214     -327.5953      167.2009 
-184.7902     -304.4066      168.8379 
-175.6633     -292.1787      145.7151 
-173.8645     -298.2961      186.5604 
-176.0012     -276.4078      154.3411 
-174.6404     -273.7478      175.3688 
-177.1377     -289.6723      164.7948 
-144.2225     -301.949       128.2762 
-156.4007     -280.1298      143.3321 
-162.0874     -319.4297      139.53 
-157.0871     -285.7248      184.5852 
-164.5033     -301.9563      187.687 
-160.6053     -315.2877      191.5025 
-158.4858     -273.4937      178.3322 
-156.5448     -340.9264      178.0604 
 
'Sp2676TpRM
-113.9077     -295.4592      177.5197 
-113.7481     -297.2567      161.5462 
-113.2045     -304.1538      150.9947 
-102.5298     -303.1957      192.3854 
-109.361      -318.0245      161.615 
-103.1299     -321.6224      182.7828 
-104.559      -305.8527      173.7761 
-114.1144     -285.0125      176.4941 
-110.0047     -272.597       154.8138 
-100.0316     -278.092       191.8789 
-106.0034     -255.2588      167.6921 
-102.9918     -257.2268      185.0306 
-106.9008     -271.7655      175.4927 
-85.7622      -279.4431      134.2631 
-85.5105      -262.4648      147.9342 
-95.3901      -301.2774      145.3371 
-84.7267      -268.6026      189.0931 
-94.4366      -284.6722      190.1236 
-84.7445      -297.4334      190.7787 
-83.4491      -254.7211      181.2961 
-82.3227      -318.7589      182.2711 
 
'Sp2678TpRM
-122.0788     -298.8963      150.4377 
-112.7669     -308.0033      135.4765 
-109.094      -315.6828      129.9815 
-116.1515     -290.0189      171.9775 
-108.1195     -328.7819      150.6217 
-113.2206     -321.5348      173.4501 
-108.427      -308.7679      152.9293 
-121.7814     -288.253       143.4259 
-108.8464     -284.1139      121.9064 
-111.676      -268.4745      161.7707 
-112.5076     -259.8894      126.0719 
-113.8727     -251.6638      145.7925 
-112.1222     -271.4932      139.4312 
-75.7273      -297.2713      114.9242 
-84.5886      -275.0697      116.9028 
-88.7369      -312.4297      127.5744 
-99.0416      -261.7717      158.7452 
-100.9095     -275.211       165.4245 
-99.6353      -290.6061      176.5894 
-98.2172      -247.7828      149.8433 
-93.4325      -316.943       177.0933 
 
'Sp2749TpRM
-141.5052     -297.7817      171.5365 
-140.9685     -297.3938      156.9607 
-136.8293     -302.9779      149.0527 
-129.809      -299.4892      194.4132 
-131.6823     -320.6964      156.8709 
-130.1619     -320.2859      184.588 
-131.3395     -305.9713      168.7174 
-143.8789     -284.0964      172.5012 
-136.2633     -271.0051      148.1744 
-134.6863     -275.3028      184.8582 
-136.1076     -253.3753      158.9226 
-134.544      -254.5589      175.7031 
-133.5419     -267.6037      167.5205 
-107.7135     -285.4655      132.4249 
-115.6528     -265.6442      138.4071 
-115.658      -302.6638      141.7736 
-116.47       -261.8876      182.611 
-126.861      -283.1181      186.7919 
-120.7527     -290.4551      192.3262 
-120.8143     -247.0821      174.1591 
-112.5905     -315.0806      184.4789 
 
'Sp2753TpRM
-111.5479     -293.2419      169.6034 
-110.5964     -296.4201      152.7687 
-109.1943     -305.8393      146.9139 
-101.4473     -292.7495      187.887 
-104.0936     -318.2716      155.0977 
-101.9673     -315.9044      183.6584 
-102.9535     -302.6158      167.2525 
-114.5433     -282.691       167.7491 
-107.0998     -272.4427      147.9441 
-102.818      -275.1841      180.3903 
-105.3824     -251.1647      157.4357 
-101.2159     -253.3731      173.2067 
-103.7224     -268.9896      162.6463 
-78.5002      -281.3992      131.9464 
-86.9655      -264.5045      138.3287 
-93.9046      -298.5885      141.9624 
-88.994       -263.3031      178.4011 
-94.9134      -279.1346      182.0906 
-88.3485      -291.413       187.9513 
-88.7355      -249.2831      171.4615 
-85.9429      -315.2066      177.2027 
 
'Sp2808TpRM
-121.0842     -293.5426      185.0457 
-119.9493     -293.2516      166.6652 
-119.1872     -303.5597      159.6337 
-112.664      -294.5597      201.1746 
-115.9298     -315.9981      167.976 
-110.5011     -318.1166      194.2934 
-112.3768     -301.8864      179.5575 
-120.3005     -281.9903      183.2746 
-113.2924     -271.9978      155.4257 
-106.7008     -273.3905      200.6198 
-112.5984     -255.5279      168.7432 
-106.2285     -252.1401      190.7007 
-110.5294     -268.2412      178.3826 
-91.0807      -280.7372      140.1512 
-91.676       -266.0874      150.0544 
-103.1104     -300.947       152.7382 
-93.2796      -266.1779      195.9361 
-101.263      -278.7086      198.1053 
-94.4708      -291.6494      200.367 
-92.634       -251.1584      187.5839 
-92.6096      -317.4831      187.641 
 
'Sp2165TpRM
-135.9902     -288.8913      162.2716 
-133.7763     -286.0988      143.1745 
-131.4051     -291.3266      132.8029 
-125.6492     -294.2917      178.9347 
-128.4604     -311.3576      140.6162 
-128.447      -319.9572      167.8945 
-127.4724     -297.9409      156.3652 
-135.2739     -274.6766      165.8167 
-125.2668     -258.879       143.1166 
-119.2503     -270.9897      184.6587 
-123.4372     -242.035       156.233 
-117.9066     -245.4071      178.087 
-124.5875     -260.0057      163.584 
-71.412       -270.5382      125.8057 
-99.2219      -257.3083      133.5476 
-110.4259     -293.3504      128.4697 
-106.2457     -260.0554      184.6521 
-115.7683     -279.1517      181.5303 
-108.2398     -293.8955      180.6486 
-106.4861     -244.8962      177.6344 
-109.5341     -313.8269      170.5373 
 
'Sp2720TpRM
-101.1931     -295.3597      160.567 
-97.052       -290.0838      143.0644 
-94.6706      -300.1703      135.3252 
-91.1062      -300.5813      176.2651 
-90.8384      -314.6953      142.4339 
-90.408       -318.4464      166.987 
-91.2149      -305.8017      156.4621 
-99.169       -284.2237      162.6967 
-90.0438      -266.6275      143.2197 
-87.8942      -278.4226      179.5231 
-89.4305      -254.3041      152.5883 
-89.8141      -256.4467      173.2148 
-91.4095      -268.546       161.0949 
-65.7803      -278.9654      129.3318 
-71.1907      -263.0361      139.1876 
-78.5725      -296.975       132.8171 
-76.6789      -271.1732      179.2027 
-86.439       -289.5135      175.7286 
-75.2664      -307.6209      174.9923 
-77.9739      -254.9757      177.8142 
-74.2541      -317.5786      163.6461 
 
'Sp2178TpRM
-115.1001     -293.4341      168.8195 
-111.4948     -286.9656      149.8307 
-107.888      -294.8725      140.2659 
-101.0675     -303.9534      186.5809 
-105.3064     -314.322       147.881 
-101.2361     -321.076       174.7567 
-104.8572     -301.3015      162.7363 
-113.8861     -283.6754      172.8958 
-107.467      -270.0526      152.9471 
-102.9796     -281.6473      191.8751 
-105.4452     -253.5237      160.1247 
-99.8629      -253.6271      185.0142 
-106.0003     -267.337       170.7513 
-71.5411      -270.1301      135.484 
-79.8765      -254.4093      150.3569 
-88.7138      -290.302       137.2503 
-84.7493      -267.5445      188.4846 
-98.5954      -288.44        188.1655 
-88.3944      -300.1376      186.7367 
-88.1126      -255.4836      187.549 
-86.0787      -318.127       173.5657 
 
'Sp2182TpRM
-98.1267      -304.1677      161.7864 
-95.5552      -301.4213      143.1981 
-89.5664      -315.2601      138.2687 
-90.1958      -306.2885      176.3882 
-87.6109      -325.735       147.2169 
-87.1577      -328.0166      169.5017 
-88.8551      -314.4402      157.3493 
-99.5506      -291.8229      160.8358 
-90.7671      -282.4788      141.8035 
-90.4133      -284.4063      177.7033 
-94.4229      -263.2548      149.529 
-90.8443      -262.9071      168.2563 
-93.1723      -277.5578      161.239 
-59.3529      -286.3431      130.0905 
-70.1732      -270.5285      136.8368 
-75.3257      -302.8194      133.8551 
-78.8333      -273.6246      175.2088 
-85.4305      -289.8387      176.8616 
-76.6886      -301.7406      179.9064 
-84.9716      -261.6255      170.8215 
-71.1764      -321.1762      171.614 
 
'Sp2203TpRM
 312.9564     -159.2344      171.3292 
 314.0128     -158.6141      149.6106 
 326.1879     -157.5102      143.0413 
 321.7902     -149.8681      184.5311 
 341.3146     -154.8768      152.4112 
 342.8257     -151.1165      178.6105 
 323.4385     -152.1142      162.7967 
 303.0326     -159.3925      170.289 
 287.4771     -152.8353      151.1486 
 298.8143     -147.9365      186.3634 
 272.0945     -149.8158      162.0108 
 274.4376     -147.0446      180.0925 
 288.0544     -149.8234      169.5865 
 297.2762     -121.9266      128.6262 
 279.7731     -131.438       141.4735 
 314.9416     -135.4357      134.1176 
 287.8893     -133.6701      187.739 
 308.3359     -140.413       184.687 
 319.848      -132.2974      184.8916 
 275.3199     -130.5596      186.2139 
 337.5109     -132.1689      179.5366 
 
'Sp2207TpRM
 316.9077     -146.206       167.6191 
 321.4681     -144.7946      152.4459 
 334.2628     -141.3616      146.6487 
 317.973      -135.3868      185.1015 
 344.2753     -138.2674      161.3218 
 338.4911     -135.0245      184.8714 
 330.1024     -137.4844      166.6846 
 306.4834     -146.9978      164.4554 
 301.7271     -137.6828      137.7934 
 294.461      -131.9834      177.9936 
 279.772      -136.7522      147.9252 
 277.947      -134.6898      162.7459 
 292.4588     -137.3963      158.0914 
 317.4031     -96.2719       126.8523 
 291.5478     -118.4427      130.2932 
 326.2779     -122.4741      137.1841 
 282.6511     -119.3751      170.7623 
 301.4135     -126.7484      178.4462 
 310.8416     -121.6209      182.612 
 274.7656     -115.9682      158.8356 
 329.0237     -115.7546      186.5416 
 
'Sp2223TpRM
 304.4124     -148.7569      182.4309 
 315.3979     -148.6111      168.7873 
 327.9702     -146.3426      169.9141 
 298.4164     -134.141       197.1372 
 334.5175     -140.8873      184.4605 
 322.6418     -134.7258      205.6469 
 314.6718     -138.3364      184.8466 
 297.7595     -147.8397      176.0011 
 300.8918     -142.9635      150.3031 
 284.3274     -133.621       182.093 
 284.5072     -141.7594      148.5766 
 273.9203     -135.7029      162.8156 
 289.2708     -140.0304      164.5112 
 321.1638     -116.0241      141.4274 
 299.319      -119.8366      137.9612 
 329.4255     -128.9207      160.7263 
 280.4132     -114.8806      172.8171 
 288.6815     -126.011       185.7857 
 294.8085     -118.4404      194.2841 
 272.3376     -120.0782      159.22 
 315.8304     -117.3873      202.1073 
 
'Sp2255TpRM
 282.9083     -124.2494      162.2636 
 276.7231     -120.8402      143.5259 
 281.209      -118.8833      137.2861 
 291.7281     -115.451       174.7433 
 302.2054     -114.2287      142.5783 
 307.572      -115.0669      167.6265 
 290.1357     -114.1484      157.2072 
 268.0458     -121.4689      163.8467 
 257.6958     -114.0777      142.4288 
 268.3508     -111.0339      180.6507 
 242.615      -115.1736      155.316 
 244.6378     -112.299       175.8837 
 258.905      -116.2762      164.318 
 266.2993     -73.9368       132.064 
 248.1073     -92.7695       144.8938 
 277.9655     -101.2241      134.5676 
 260.002      -98.4812       183.2144 
 272.6694     -107.2664      180.5055 
 290.1175     -97.7297       178.6703 
 246.8862     -96.8451       178.8263 
 303.7189     -96.6608       172.3868 
 
'Sp2291TpRM
 272.6711     -123.9542      159.9382 
 273.8409     -121.5517      142.7939 
 283.0543     -119.6248      136.2132 
 276.8586     -118.3592      179.9042 
 297.6828     -119.4973      144.1408 
 304.4662     -118.9063      169.3768 
 285.3825     -116.9651      158.4349 
 256.1728     -121.7527      160.6176 
 251.0368     -116.8166      140.2646 
 252.7902     -113.5537      175.8667 
 231.1736     -112.849       149.4728 
 231.3305     -111.6973      169.2696 
 243.2963     -115.4691      158.4076 
 260.5964     -80.9169       126.5045 
 242.8168     -90.2078       133.3593 
 277.681      -101.715       131.1388 
 243.8723     -98.3688       176.061 
 257.1491     -106.353       176.9402 
 269.7952     -103.4556      181.2786 
 230.1829     -98.3979       165.4962 
 293.0365     -101.2568      181.5917 
 
'Sp2720TpRM25
-101.1931     -295.3597      160.567 
-97.052       -290.0838      143.0644 
-94.6706      -300.1703      135.3252 
-91.1062      -300.5813      176.2651 
-90.8384      -314.6953      142.4339 
-90.408       -318.4464      166.987 
-91.2149      -305.8017      156.4621 
-99.169       -284.2237      162.6967 
-90.0438      -266.6275      143.2197 
-87.8942      -278.4226      179.5231 
-89.4305      -254.3041      152.5883 
-89.8141      -256.4467      173.2148 
-91.4095      -268.546       161.0949 
-65.7803      -278.9654      129.3318 
-71.1907      -263.0361      139.1876 
-78.5725      -296.975       132.8171 
-76.6789      -271.1732      179.2027 
-86.439       -289.5135      175.7286 
-75.2664      -307.6209      174.9923 
-77.9739      -254.9757      177.8142 
-74.2541      -317.5786      163.6461 
 
'Sp2799TpRM27
 246.396      -117.8876      152.2565 
 248.7025     -114.4405      134.9304 
 261.8593     -112.3844      132.1891 
 248.5881     -109.4305      168.9411 
 274.5061     -111.7332      145.7804 
 271.5583     -110.8595      164.6059 
 258.805      -109.5656      151.1351 
 235.1292     -118.0984      152.626 
 231.9101     -107.1764      125.5248 
 228.7318     -108.0998      164.9283 
 209.7931     -106.4981      132.7545 
 204.631      -102.7996      153.5844 
 220.7513     -107.1335      144.7652 
 245.1035     -70.6115       118.1021 
 226.3655     -81.8891       120.4372 
 256.7788     -95.2087       125.1742 
 217.5007     -90.6984       160.0127 
 239.0158     -106.0261      163.7366 
 263.6537     -94.0682       168.3249 
 206.9144     -90.2137       151.7959 
 271.7547     -93.9864       159.0511 
 
'Sp2875TpRM38
 216.4132     -123.1111      151.4668 
 222.7228     -118.1868      136.5577 
 229.2397     -118.5378      134.2528 
 215.1424     -116.7594      167.1525 
 241.7513     -115.2208      147.9889 
 237.6424     -116.4088      165.06 
 227.507      -115.0024      152.8826 
 210.1748     -121.9213      145.8489 
 208.7354     -114.1693      127.7072 
 196.0772     -110.4489      159.9492 
 187.8119     -111.6269      129.0159 
 182.4966     -112.5768      142.8566 
 196.4637     -112.9619      140.4666 
 219.346      -90.0033       121.4647 
 205.6097     -91.5935       122.0873 
 231.4535     -101.0012      131.5543 
 190.8607     -101.0222      156.1378 
 208.3771     -111.7588      158.1428 
 222.697      -102.0914      169.1699 
 184.4838     -98.0982       144.8584 
 238.3581     -100.6579      164.0952 
 
'Sp2495TpRM39
 230.5885     -110.6415      158.8558 
 229.0245     -107.739       139.1431 
 238.6096     -104.071       131.6936 
 232.8702     -101.7402      175.1475 
 254.0068     -104.2888      145.1874 
 256.3887     -103.0171      166.7158 
 241.348      -102.3608      155.7332 
 217.8297     -111.0754      159.1954 
 206.7533     -100.5581      133.2266 
 208.2738     -97.502        173.4056 
 192.3016     -98.9261       145.6098 
 192.5395     -98.0596       164.2109 
 203.8606     -100.3969      153.1742 
 220.6419     -73.1757       121.1811 
 207.1831     -76.0425       128.2267 
 235.5415     -86.2307       129.9448 
 206.8417     -82.3069       173.368 
 222.4004     -97.7885       171.5383 
 246.7404     -87.5604       175.756 
 194.2623     -78.762        164.703 
 256.8685     -87.5485       167.8561 
 
'Sp2542TpRM39
 216.8407     -138.4361      166.7188 
 220.5885     -137.0973      148.3459 
 235.3284     -135.3324      141.6623 
 220.8163     -128.6595      184.7657 
 246.69       -134.58        158.9368 
 244.4333     -132.2888      179.6889 
 229.7236     -130.6079      164.5574 
 206.2144     -136.6977      161.1552 
 199.9397     -128.54        137.1807 
 196.1385     -125.4946      177.3939 
 181.9887     -125.9154      143.8227 
 179.5715     -123.2408      163.6227 
 192.0504     -126.0373      157.0392 
 217.3724     -101.8389      125.35 
 201.5186     -102.3324      132.456 
 227.7446     -112.1846      134.2084 
 188.9833     -105.8611      172.2528 
 209.3433     -124.7122      178.2756 
 233.6827     -108.6269      184.5875 
 180.7595     -102.8016      162.48 
 243.5112     -109.9119      179.8933 
 
'Sp2022TpRM40
 223.6052     -114.7308      148.5772 
 232.4077     -108.6141      129.4507 
 241.6073     -107.7636      125.6453 
 225.3831     -106.4651      168.5402 
 254.6374     -106.2799      139.6404 
 250.3724     -106.411       162.3169 
 235.4119     -105.0028      145.6064 
 213.4052     -112.0996      145.2036 
 212.9193     -104.7115      119.875 
 202.9182     -101.6089      161.0355 
 186.3353     -103.0949      128.315 
 181.2149     -101.3927      146.2146 
 197.6655     -102.9628      137.0578 
 219.0522     -71.022        110.039 
 206.9727     -79.0904       113.9499 
 233.8701     -87.4769       117.3389 
 198.0932     -86.4347       157.7608 
 214.4483     -102.4931      160.725 
 245.2063     -87.2279       165.3312 
 183.2748     -85.4543       150.3767 
 250.9417     -85.6456       157.8562 
 
'Sp2468TpRM50
 225.9932     -102.5483      146.0539 
 221.768      -97.3976       125.4233 
 225.4116     -93.8295       115.4389 
 232.9442     -93.6096       162.5229 
 245.32       -94.6651       128.641 
 251.7454     -94.0211       150.9674 
 234.583      -93.2681       138.2354 
 213.8311     -100.765       146.2552 
 197.1125     -90.2531       126.6314 
 212.4607     -90.1389       166.4379 
 185.0084     -90.3322       143.1898 
 187.8177     -87.4235       158.5913 
 198.1917     -90.9897       147.7314 
 208.7549     -62.654        112.4356 
 197.7889     -70.598        121.6571 
 225.6729     -76.348        112.6115 
 203.974      -75.4408       167.3784 
 222.9732     -87.6612       161.8297 
 246.0247     -79.467        159.4903 
 193.2781     -70.8181       160.427 
 252.958      -76.5284       148.185 
 
'Sp2424TpRM56
 226.4337     -107.5501      156.9095 
 229.3815     -105.3943      141.6439 
 240.1494     -102.1442      134.8188 
 230.3655     -96.6647       178.5498 
 253.0134     -100.9062      145.7104 
 252.9739     -97.5712       168.4352 
 241.8291     -97.9375       156.156 
 213.8176     -107.8057      156.8539 
 204.0488     -100.0654      133.1865 
 207.3895     -97.7083       173.2571 
 186.4452     -98.3673       143.9391 
 184.1922     -95.3288       159.5619 
 197.9149     -97.0414       151.6394 
 219.4991     -68.0493       123.9644 
 205.3221     -73.7198       128.8343 
 234.7922     -82.0365       130.9402 
 198.1932     -84.6201       171.4256 
 218.3227     -95.0715       170.1533 
 240.6742     -81.864        177.0113 
 186.6535     -81.0406       160.2009 
 251.4828     -80.8456       168.3713 
 
'Sp2602TpRM51
 353.0503     -47.0521       169.6469 
 350.5127     -45.1341       151.2456 
 355.8605     -42.7639       142.5735 
 354.8388     -35.9335       187.5191 
 372.7689     -34.2086       152.3106 
 376.0655     -30.7157       176.1279 
 360.936      -35.1246       161.861 
 340.7893     -50.2007       170.0633 
 320.4981     -50.9294       149.2026 
 331.1356     -43.2179       186.5494 
 309.8189     -54.5762       161.4335 
 310.0579     -52.2529       180.9983 
 322.6107     -49.0029       166.9159 
 321.5518     -17.1716       130.6503 
 311.3889     -35.7217       140.5689 
 344.2676     -27.9264       134.4791 
 319.3607     -28.6578       185.0088 
 333.6053     -32.9276       185.3654 
 346.4493     -22.9998       188.5905 
 305.2897     -34.1938       185.2382 
 366.517      -12.0478       177.3104 
 
'Sp2063TpRM92
 228.092      -91.8576       150.5938 
 229.3152     -89.1758       136.3174 
 240.7179     -86.9702       129.3077 
 231.0185     -82.7238       171.0289 
 251.8904     -84.3212       137.5261 
 254.569      -83.4616       161.7318 
 242.5198     -83.8319       151.6932 
 215.2293     -89.8871       149.6148 
 202.7282     -83.6459       128.5233 
 206.4111     -79.5073       165.6506 
 188.9578     -81.3683       138.6762 
 186.3105     -79.6268       154.0848 
 202.1665     -82.9229       147.2785 
 219.8416     -59.3555       116.2196 
 205.069      -60.8376       121.1965 
 234.3551     -70.5144       123.4946 
 200.4998     -64.9161       162.8661 
 220.0558     -82.8281       163.4276 
 241.5429     -66.4155       170.3801 
 188.0744     -63.0909       151.142 
 252.7418     -68.5956       163.7566 
 
'Sp2442TpRM71
 221.8146     -108.4443      154.8127 
 228.5745     -104.197       136.0924 
 236.9741     -101.5346      130.1469 
 224.8299     -100.4023      174.9403 
 250.9022     -102.6894      146.8371 
 246.8391     -101.4747      167.1503 
 235.6199     -99.7955       153.2541 
 209.6619     -108.1455      151.3499 
 201.3562     -98.1801       125.5128 
 199.4277     -98.1251       166.6347 
 181.9426     -96.7706       137.7247 
 180.473      -97.2438       153.2128 
 194.0411     -98.0189       146.2524 
 219.7725     -70.8417       118.587 
 203.2222     -69.6967       120.3675 
 231.562      -83.6642       124.9736 
 196.3879     -81.8584       167.7431 
 211.6974     -98.4616       167.2899 
 238.3893     -82.3194       175.546 
 181.5599     -80.9861       156.0048 
 247.2188     -83.1851       171.9047 
 
'Sp2776TpRM84
 265.0473     -103.3768      158.9322 
 266.4237     -99.9578       142.0973 
 278.7535     -95.948        135.8653 
 267.9327     -91.5378       180.5868 
 295.5574     -90.2239       152.4697 
 291.293      -90.4444       173.9411 
 278.9099     -93.0009       158.7846 
 256.1812     -102.0175      158.3432 
 245.3267     -96.294        135.1461 
 243.5777     -89.4279       175.9236 
 226.9131     -96.0364       146.7289 
 225.9166     -91.5709       165.2797 
 240.7369     -96.0952       155.8609 
 255.2213     -64.0475       121.4669 
 240.7311     -71.2906       128.5825 
 270.1648     -80.1281       130.2803 
 238.9684     -78.7237       170.7372 
 259.5999     -90.7223       172.989 
 281.1021     -75.5321       176.7579 
 228.771      -78.1          160.9321 
 289.5895     -73.7789       169.5793 
 
'Sp2099TpRF
 347.1142     -43.2382       170.2809 
 339.4659     -43.7646       153.6873 
 344.8765     -40.9041       145.4355 
 350.444      -32.5206       182.2186 
 361.9188     -30.5417       149.5662 
 368.1378     -24.9527       166.6132 
 351.6678     -32.854        162.1289 
 334.8858     -45.6711       170.2686 
 325.615      -44.8359       152.6823 
 334.6901     -35.3692       185.3796 
 306.1836     -48.8066       161.6202 
 308.7626     -43.1746       182.3939 
 319.06       -44.4756       168.2496 
 317.6085     -20.1251       138.4538 
 308.3016     -35.7322       149.5969 
 341.0512     -26.2948       140.0211 
 318.4554     -24.9915       183.0173 
 336.8499     -28.462        183.3981 
 347.4599     -17.9678       180.8296 
 306.4182     -29.801        177.2257 
 358.4177     -11.1201       166.5707 
 
'Sp2111TpRF
 352.1559     -45.1418       156.7488 
 350.2124     -42.1364       139.4362 
 354.8242     -37.7709       131.5005 
 352.7548     -33.8345       173.48 
 367.9462     -29.6727       139.7543 
 371.3771     -24.7859       163.982 
 357.9328     -31.5188       154.1812 
 341.724      -47.4216       157.2496 
 326.4533     -45.9708       141.8163 
 334.6974     -37.6018       173.2713 
 312.9179     -50.3761       150.9973 
 312.344      -47.4254       166.6712 
 327.0153     -43.9152       157.9524 
 325.168      -21.1079       119.6611 
 311.3189     -38.38         133.0798 
 345.5958     -29.6789       125.3287 
 322.1735     -29.2718       174.0814 
 336.4837     -28.1114       172.1849 
 346.7219     -18.77         174.3497 
 307.5184     -33.499        169.949 
 363.8636     -11.1702       161.0079 
 
'Sp2130TpRF
 338.2568     -36.7338       159.0905 
 338.0857     -31.3076       143.9289 
 346.062      -26.9425       137.8719 
 336.6809     -27.8896       173.3682 
 357.2217     -20.4951       145.3503 
 357.9299     -19.474        170.1375 
 344.4596     -24.6827       156.3214 
 329.9906     -37.5167       156.4828 
 321.4928     -34.983        136.3802 
 318.4189     -29.7386       168.8224 
 302.1863     -41.431        142.828 
 301.372      -37.456        156.7339 
 314.3815     -34.2791       151.6913 
 320.3789     -1.8143        124.6457 
 314.142      -26.3095       129.765 
 341.8134     -15.8367       132.5806 
 306.5834     -19.7062       163.7207 
 322.751      -25.5349       170.3364 
 333.3434     -11.7079       176.4838 
 295.3985     -23.8229       156.55 
 349.2809     -5.8941        170.0675 
 
'Sp2596TpRF
 349.7517     -45.7399       178.8638 
 352.5748     -44.6913       160.9758 
 361.9189     -38.8928       152.9302 
 349.4829     -31.4801       196.6481 
 372.0521     -30.2408       164.0594 
 370.4435     -25.4113       188.8048 
 356.4235     -32.9043       171.9967 
 338.843      -47.4345       175.1261 
 327.5765     -47.9531       153.35 
 328.9556     -41.2087       188.6032 
 307.7485     -52.1991       166.9207 
 307.693      -46.1275       182.8536 
 322.6722     -46.3163       169.8066 
 326.5121     -21.0774       136.0276 
 313.6278     -35.3279       144.149 
 349.2161     -28.348        144.0914 
 311.792      -28.9805       186.549 
 326.75       -31.8517       187.4919 
 340.7171     -16.3553       193.0714 
 301.825      -32.1795       173.5847 
 360.9807     -8.7625        176.9278 
 
'Sp2142TpRF
 342.5793     -29.5963       170.9621 
 348.7023     -27.3262       155.2877 
 356.2852     -22.5838       151.3781 
 342.5412     -18.631        186.733 
 363.6853     -17.7265       161.237 
 360.3187     -14.7929       179.1364 
 350.4161     -21.0818       166.1604 
 335.2648     -32.8001       166.3985 
 332.3535     -27.2436       144.4319 
 323.2782     -26.6955       175.2805 
 314.9243     -32.8766       149.5535 
 309.5508     -31.1651       165.1428 
 322.653      -30.9069       160.0391 
 331.0509      2.0374        135.0431 
 320.3724     -13.8452       137.4462 
 348.2044     -6.9639        145.1944 
 312.9323     -17.2152       172.1792 
 324.3665     -18.8898       176.4701 
 336.3354     -10.8096       184.2412 
 304.7073     -21.3213       164.0742 
 348.7661     -2.8385        180.8406 
 
'Sp2647TpRF
 347.5583     -35.9154       163.2496 
 350.2045     -30.749        149.1275 
 354.9098     -29.5342       144.9194 
 349.2789     -24.0247       181.0511 
 366.14       -21.1083       151.3369 
 365.6365     -19.7791       175.1377 
 354.8882     -24.4594       160.2367 
 337.7898     -39.016        160.6422 
 328.9201     -34.2095       140.5344 
 327.9255     -29.8844       174.2191 
 311.1306     -39.0522       147.9925 
 307.5463     -36.8155       167.0978 
 322.8586     -35.1278       154.5874 
 329.0676     -7.3902        127.4266 
 316.9002     -24.099        133.7375 
 350.2293     -18.1089       137.3828 
 316.1456     -21.471        172.4272 
 332.1448     -29.2761       173.3356 
 339.3449     -19.7497       178.3764 
 305.8018     -28.8025       168.6063 
 355.4256     -4.4434        174.4244 
 
'Sp2152TpRF
 344.8077     -36.9843       157.2171 
 345.2565     -32.3122       139.9956 
 349.1254     -27.6749       133.5292 
 350.4625     -24.4259       174.6765 
 361.8393     -21.6167       143.9644 
 366.0865     -18.9465       166.4439 
 352.1586     -24.2553       153.1196 
 334.5517     -38.7618       159.5496 
 318.5801     -36.2051       139.9803 
 329.6956     -30.528        172.603 
 308.5787     -37.9657       150.0695 
 307.1136     -34.8315       167.4567 
 318.5641     -35.5309       157.6378 
 321.6425     -7.6614        126.9938 
 311.21       -18.3578       134.7852 
 342.6779     -18.5813       130.8573 
 315.1045     -16.4521       171.1511 
 331.6976     -23.2005       174.34 
 347.01       -9.8862        174.321 
 302.2545     -22.3737       166.5346 
 356.7048     -3.4621        166.1947 
 
'Sp2642TpRF
 352.6714     -39.2165       171.1915 
 353.2899     -37.778        154.7966 
 355.3935     -35.657        149.5502 
 352.7154     -28.9505       186.3997 
 368.5268     -26.5488       159.1367 
 369.3943     -22.3452       179 
 356.9678     -29.0404       167.2353 
 342.572      -42.7136       169.7813 
 328.7137     -42.2404       151.8161 
 330.0707     -33.7519       184.1226 
 317.9599     -44.3794       156.5086 
 312.9224     -40.8033       176.8442 
 327.498      -40.4796       165.9812 
 331.3279     -15.5204       134.6296 
 318.6383     -30.0222       142.5947 
 354.1974     -24.1613       143.9209 
 322.9145     -24.872        182.2667 
 333.9341     -30.0199       183.7644 
 347.3892     -22.7017       187.5913 
 307.9174     -30.332        176.1887 
 356.5959     -8.5824        182.7279 
 
'Sp2667TpRF
 346.9509     -18.1327       167.9383 
 345.1293     -17.4837       158.0592 
 350.3207     -14.5485       148.052 
 347.6022     -6.1587        183.9967 
 359.5598     -7.935         152.6277 
 365.9867     -0.6607        174.0117 
 350.709      -9.6576        164.0649 
 337.1569     -21.0824       171.2696 
 327.5647     -21.7223       154.7101 
 333.4741     -10.846        184.308 
 313.8796     -23.9074       163.8759 
 314.6363     -17.2176       180.4199 
 323.1384     -19.6065       170.2732 
 321.2779      5.2994        138.9236 
 312.6016     -5.4661        147.9962 
 342.3615      0.1602        143.3249 
 318.8773     -5.3766        182.2047 
 334.0182     -5.7943        182.0265 
 341.8636      3.1222        182.6377 
 312.6989     -8.4581        181.3129 
 359.1899      10.7583       170.2937 
 
'Sp2710TpRF
-131.4475     -317.7191      165.146 
-128.8153     -323.5753      147.491 
-128.347      -327.3763      141.5005 
-129.4193     -316.4991      179.6431 
-121.2331     -345.717       155.5075 
-123.0854     -337.2889      180.6494 
-122.152      -329.0713      160.551 
-134.4708     -309.1267      156.6044 
-125.7034     -307.2758      135.1703 
-124.5767     -295.6795      174.4327 
-126.3436     -279.7143      139.4931 
-124.37       -275.3962      157.0647 
-124.5175     -293.0608      152.4298 
-94.8294      -310.9709      123.3707 
-104.8979     -292.5049      128.8285 
-111.2469     -324.0801      134.9311 
-111.2067     -288.0581      171.6964 
-121.6737     -303.2978      174.3734 
-113.8951     -310.2553      178.3179 
-109.9436     -275.011       162.8522 
-106.7559     -332.2858      179.9346 
 
'Sp2681TpRF
-172.6753     -313.7672      168.3013 
-168.6578     -311.1122      157.0461 
-166.5352     -319.7337      148.8983 
-162.969      -317.3492      184.4643 
-163.0444     -334.7927      155.2359 
-161.4608     -337.0992      177.9942 
-161.2537     -323.4719      167.1991 
-171.8825     -303.0892      168.2896 
-166.4371     -298.9335      153.9696 
-161.2069     -298.0406      185.4713 
-161.4349     -273.2743      163.0872 
-158.0888     -274.4692      178.8786 
-161.6028     -285.8559      169.102 
-132.3836     -300.307       136.2606 
-140.992      -286.4114      145.8924 
-150.4327     -315.6458      142.799 
-145.1855     -288.4226      183.856 
-153.8842     -302.4911      185.4918 
-150.7587     -313.8347      187.0829 
-145.8058     -278.4044      183.8414 
-143.3711     -334.4797      177.8107 
 
'Sp2698TpRF
-114.2536     -298.9415      162.3655 
-111.3116     -299.0003      148.1004 
-107.4697     -307.9985      142.1879 
-104.713      -302.4011      177.8256 
-104.5489     -318.476       151.4965 
-102.5887     -320.246       172.9403 
-104.6497     -306.5681      162.0096 
-113.5295     -287.2479      163.3273 
-107.1492     -281.3002      141.4837 
-102.742      -278.0502      174.5095 
-106.6885     -263.4158      146.5635 
-101.7101     -259.5684      165.9574 
-107.9025     -274.5622      157.6664 
-80.646       -285.6035      127.5781 
-87.0089      -273.1877      134.2396 
-95.3933      -300.2442      135.9993 
-88.9814      -268.7939      173.2269 
-98.6592      -282.7669      175.0669 
-91.3023      -290.457       176.8914 
-88.4915      -259.389       165.047 
-87.2895      -314.6409      173.4766 
 
'Sp2747TpRF
-128.445      -294.3209      190.6418 
-128.2319     -293.6733      178.3456 
-128.8531     -298.7955      170.2778 
-115.8146     -298.628       207.3206 
-124.3988     -316.4497      176.4343 
-118.0394     -319.2594      197.7057 
-120.442      -303.9952      187.7656 
-126.1954     -283.4883      192.9026 
-122.1911     -266.4397      175.4976 
-112.712      -277.5768      202.8873 
-118.7742     -255.3425      182.993 
-114.2592     -256.0223      196.6071 
-118.4956     -270.6555      190.5337 
-100.162      -280.1177      152.002 
-106.5862     -263.6073      163.6924 
-112.8047     -296.706       160.7003 
-102.353      -268.0574      200.364 
-109.2083     -283.42        202.3808 
-104.3952     -293.0192      203.9512 
-103.2062     -255.2848      194.2255 
-103.4325     -314.8076      197.1819 
 
'Sp2781TpRF
-111.1834     -304.9108      173.8041 
-109.981      -307.7012      159.2101 
-106.7565     -313.8044      151.1613 
-101.6616     -305.7806      190.3974 
-101.2692     -328.4116      157.8782 
-100.3569     -329.6273      181.0597 
-102.6071     -312.7024      170.1555 
-113.8232     -296.9328      173.2024 
-108.5549     -292.8995      154.2302 
-101.6205     -289.0924      185.5127 
-111.175      -269.4531      159.7785 
-104.4973     -267.087       179.2265 
-106.0306     -283.1004      170.6819 
-77.7183      -290.2229      138.7829 
-86.1882      -276.8552      143.6209 
-87.2921      -306.3082      145.4991 
-89.4042      -279.3825      181.6633 
-93.8876      -291.7572      186.3117 
-86.0401      -301.4221      187.8219 
-91.4148      -264.4669      175.6237 
-86.511       -325.726       175.2424 
 
'Sp2752TpRF
-111.4066     -297.3765      175.633 
-108.2518     -301.7832      164.5708 
-105.7406     -311.1088      157.0285 
-100.9642     -296.019       193.284 
-103.4998     -320.1695      167.8428 
-99.3444      -316.0281      190.9818 
-103.1532     -305.1037      174.8243 
-111.3203     -287.9244      173.1921 
-104.5858     -279.0544      148.9857 
-100.2425     -277.5935      184.3774 
-106.0245     -264.2903      154.6028 
-102.6446     -258.9017      171.9432 
-103.4394     -276.2151      169.6089 
-81.5673      -289.6166      139.7657 
-83.8726      -275.825       141.651 
-93.5494      -303.0972      147.7971 
-86.1922      -268.246       177.6117 
-94.1343      -281.5942      185.2027 
-86.8695      -296.712       190.5469 
-92.3999      -257.4154      169.9801 
-84.8281      -315.1307      182.7409 
 
'Sp2750TpRF
-100.9332     -285.2127      172.9357 
-97.6634      -282.847       155.7771 
-94.9635      -287.7432      146.7426 
-93.636       -292.3171      187.039 
-94.4975      -302.1727      151.14 
-94.7543      -312.6359      173.5764 
-94.4182      -292.8323      166.2184 
-100.4148     -274.2123      170.9279 
-91.8065      -263.9066      155.2616 
-91.5525      -274.8785      188.168 
-89.4048      -247.6462      166.9948 
-87.002       -252.2287      186.1934 
-94.044       -264.6647      174.8048 
-51.2197      -273.2488      144.2041 
-69.4755      -258.4897      154.2942 
-78.5421      -285.7366      145.0464 
-75.2236      -264.3148      186.8938 
-84.3534      -277.499       187.9106 
-81.7049      -290.9767      186.5946 
-76.0484      -251.74        183.8634 
-78.2555      -311.0311      171.708 
 
'Sp2776TpRF
-106.8298     -292.7585      167.4345 
-102.854      -302.8075      151.5882 
-100.8418     -313.0406      150.1615 
-94.6899      -292.933       191.0689 
-97.5306      -323.0132      166.5844 
-95.9555      -315.4112      187.3774 
-97.2782      -308.1051      168.6358 
-106.1392     -284.6053      165.228 
-101.0303     -285.8945      142.112 
-94.4437      -273.9383      178.9986 
-99.409       -260.9575      144.3581 
-93.7935      -255.1474      166.1433 
-100.3694     -273.5542      159.3744 
-73.5929      -291.6058      127.7396 
-79.678       -274.4151      131.9177 
-86.4996      -307.6505      141.9133 
-83.2595      -263.6853      171.02 
-91.3129      -277.5803      179.1797 
-78.1698      -291.52        187.7401 
-84.9045      -254.568       164.7923 
-76.1924      -312.4244      182.8834 
 
'Sp2751TpRF
-106.4167     -293.2486      174.1196 
-104.1925     -290.4075      158.3932 
-101.0444     -296.8429      148.6296 
-102.519      -297.3739      190.9855 
-99.2733      -309.7159      149.707 
-99.65        -321.9341      172.9411 
-99.4451      -300.0703      169.2251 
-107.4823     -281.2896      174.5035 
-97.4166      -267.9057      160.069 
-99.1495      -283.3584      192.5722 
-97.4764      -251.2565      176.4512 
-94.2981      -257.8774      189.3145 
-97.1077      -268.9285      178.444 
-65.4788      -275.2583      145.8675 
-83.1158      -260.9968      154.1509 
-85.6733      -294.0489      147.5102 
-83.4869      -271.5547      195.2941 
-91.7464      -286.7842      190.2434 
-84.0219      -297.509       193.3577 
-78.9786      -259.537       190.3607 
-81.5357      -316.5988      178.8086 
 
'Sp2748TpRF
-100.5157     -298.4552      157.8901 
-97.368       -297.947       138.5026 
-95.5686      -303.4742      131.9603 
-91.6768      -301.176       174.3343 
-91.9491      -320.2344      139.3924 
-92.9198      -321.0089      164.2611 
-91.3372      -306.9031      149.987 
-100.6374     -285.3383      156.4661 
-95.3871      -281.9811      135.1366 
-92.0152      -282.2937      170.2659 
-96.5886      -264.5709      142.5694 
-94.1378      -262.1101      161.0296 
-96.2413      -276.5655      153.1673 
-63.283       -286.0172      124.9369 
-75.8745      -267.775       132.0013 
-77.267       -304.2917      129.9499 
-79.7044      -274.4664      168.8725 
-87.5356      -287.6874      170.8061 
-76.504       -299.1396      173.59 
-79.9313      -263.0018      165.9398 
-75.6176      -319.4083      163.3224 
 
'Sp2670TpRF
-97.9516      -303.0735      175.3256 
-95.5636      -303.5456      158.1785 
-93.7041      -310.7992      152.634 
-86.6699      -307.4716      193.228 
-89.6075      -326.1206      163.7094 
-86.1002      -327.5235      186.0085 
-88.0537      -311.1452      171.691 
-97.3168      -290.184       175.925 
-93.5001      -280.9693      153.8499 
-84.7769      -282.5667      192.048 
-91.9008      -263.5218      162.6559 
-83.3672      -262.1502      182.4651 
-90.6629      -276.2654      172.0786 
-62.2985      -288.9638      137.7482 
-72.8318      -275.0734      145.5631 
-79.3377      -307.3528      146.8116 
-75.9141      -277.0198      188.4643 
-78.0511      -291.8723      189.7066 
-68.7239      -306.7897      189.6761 
-75.5758      -262.3782      179.1661 
-65.797       -325.0851      182.3277 
 
'Sp2175TpRF
-95.4693      -297.7115      162.8843 
-92.4772      -295.8698      144.7929 
-90.2456      -305.6723      135.9613 
-88.0703      -301.6245      175.936 
-88.7572      -318.1302      149.3329 
-87.7776      -320.7243      169.5078 
-88.4259      -306.1422      155.8455 
-94.6072      -286.8549      157.1076 
-88.9512      -275.7218      141.1076 
-85.6582      -280.9032      172.0573 
-90.2513      -261.7668      149.4938 
-84.7263      -263.5199      169.6553 
-88.1835      -274.0728      157.8318 
-65.3717      -288.9053      129.71 
-66.1426      -273.2596      135.8404 
-70.8551      -302.395       135.79 
-75.5582      -274.4278      172.3791 
-80.3464      -287.3786      172.3347 
-74.1238      -299.2638      173.3189 
-74.5165      -261.6996      169.6963 
-72.943       -317.6478      165.9644 
 
'Sp2189TpRF
 314.2226     -144.3538      165.2979 
 315.7985     -141.0149      147.8976 
 330.3294     -138.8759      144.7783 
 316.0072     -131.736       181.8263 
 337.3499     -135.8306      153.3233 
 338.8411     -133.9982      177.026 
 328.3955     -134.8739      164.7068 
 304.1331     -142.5701      164.1503 
 292.0649     -133.8554      144.5743 
 293.5581     -130.2047      176.7203 
 277.9289     -132.185       151.4964 
 276.1784     -128.3004      170.8626 
 289.3878     -133.248       162.2567 
 307.6656     -109.7563      129.0048 
 287.4601     -115.4304      138.3076 
 321.6666     -122.5747      136.0491 
 287.8287     -117.1925      176.3445 
 304.4969     -126.5301      176.6272 
 316.1454     -120.2235      180.92 
 276.8489     -117.5021      170.6883 
 333.1913     -119.479       179.556 
 
'Sp2192TpRF
 316.3087     -144.5344      178.6338 
 318.1        -144.3841      160.6176 
 331.9259     -143.5025      156.9171 
 317.2277     -135.9415      194.2037 
 344.4734     -140.7453      167.238 
 342.6166     -134.2395      189.3908 
 327.7071     -135.8988      175.885 
 307.8401     -143.9308      176.9069 
 303.317      -140.2108      154.9058 
 302.3083     -131.9626      186.9303 
 280.8438     -138.2201      161.017 
 282.4537     -131.0285      179.4362 
 294.0104     -137.3301      170.6418 
 308.9852     -115.8594      139.7054 
 293.0905     -121.2609      146.9082 
 327.0755     -128.5063      150.6164 
 294.037      -118.7518      184.377 
 305.3701     -128.7172      187.4816 
 318.1396     -121.4811      191.5306 
 282.2046     -117.9121      176.2241 
 335.8387     -118.8537      185.3151 
 
'Sp2204TpRF
 313.5547     -141.0739      170.4418 
 315.2849     -139.08        151.634 
 323.7694     -137.4918      145.054 
 317.0392     -131.2618      184.8201 
 339.8887     -135.5302      156.2635 
 341.9995     -133.1938      177.094 
 323.9293     -132.7192      164.7345 
 304.3773     -138.8299      165.7435 
 298.1022     -133.6662      147.4491 
 296.6744     -124.1059      180.1039 
 279.2126     -131.6501      153.2182 
 277.5355     -126.268       169.824 
 292.3034     -131.2622      162.0637 
 308.5921     -97.116        131.4485 
 294.1138     -107.1309      139.4376 
 321.6213     -121.0691      140.5395 
 290.4776     -113.6297      176.8977 
 305.1892     -123.3084      179.3063 
 317.6654     -114.8006      181.7145 
 280.7932     -112.2215      171.4351 
 336.2414     -115.1901      176.9242 
 
'Sp2205TpRF
 321.4403     -131.3149      168.2473 
 323.4238     -129.0792      153.9735 
 332.7454     -126.6102      146.8538 
 323.6724     -119.8848      186.5265 
 343.8483     -124.9663      158.1012 
 346.3107     -121.2997      177.767 
 330.1352     -124.3904      165.0635 
 309.0971     -130.0366      168.3952 
 298.7892     -123.3038      148.6189 
 307.6687     -119.7473      181.7421 
 284.2383     -122.8811      158.0209 
 285.1849     -120.9181      175.785 
 297.6177     -124.1823      164.1619 
 307.6582     -92.744        136.1434 
 293.106      -101.338       143.8855 
 322.12       -111.9727      140.2467 
 293.6299     -108.0987      181.5078 
 312.3418     -114.0944      183.104 
 323.7227     -109.6545      186.6795 
 283.7363     -109.5711      174.8623 
 340.0489     -105.8676      180.9366 
 
'Sp2240TpRF
 313.1955     -141.2904      168.6321 
 319.4088     -139.9109      152.3043 
 325.2264     -140.228       148.6505 
 315.7886     -132.5566      180.7191 
 336.9312     -139.4524      159.6016 
 333.7164     -133.5802      180.6464 
 323.7827     -135.5612      164.9295 
 305.114      -140.418       164.6211 
 301.5238     -134.6536      144.7687 
 296.7811     -131.1016      175.2459 
 283.4832     -131.9422      148.7885 
 282.1655     -127.6256      167.4758 
 293.9441     -132.496       159.5294 
 312.3712     -98.1794       133.5098 
 296.0395     -114.3475      138.241 
 322.2917     -123.3327      139.8214 
 294.3346     -119.5936      173.0774 
 303.6683     -123.9227      175.592 
 314.8802     -119.5802      179.3436 
 283.2937     -117.5958      166.066 
 333.19       -118.8288      175.1197 
 
'Sp2298TpRF
 282.5644     -122.8019      164.8625 
 284.9644     -118.7409      147.4044 
 291.5131     -115.1861      140.0481 
 286.565      -116.7646      180.7761 
 306.3969     -114.2952      149.2409 
 308.8311     -114.1563      173.2215 
 291.9876     -113.372       160.5282 
 270.3551     -121.0465      163.7476 
 257.3163     -113.0318      143.121 
 268.0728     -108.8017      181.0732 
 241.2419     -112.4388      153.7646 
 247.0654     -107.2115      176.0178 
 256.0218     -113.7096      162.4985 
 270.0951     -81.4196       128.4616 
 253.1945     -93.1677       136.5363 
 289.6846     -101.9064      136.5476 
 256.7206     -96.516        177.4333 
 273.1268     -105.5368      180.3082 
 282.8613     -97.7859       180.9014 
 244.88       -93.3699       168.9223 
 306.1052     -96.2665       172.5076 
 
'Sp2309TpRF
 270.1561     -115.8321      177.6588 
 270.0261     -115.3972      164.8193 
 276.3264     -115.0008      153.6241 
 276.685      -108.4196      191.5887 
 289.4198     -112.9232      163.3649 
 295.1059     -110.9559      182.5849 
 278.5822     -109.7137      172.166 
 260.1093     -115.771       178.3946 
 249.2017     -105.7673      160.6078 
 260.3267     -102.0482      190.9411 
 238.025      -105.5262      171.1228 
 240.5343     -101.4111      186.5645 
 249.7342     -106.6976      177.2752 
 261.2057     -77.3308       142.2877 
 246.1084     -90.1177       152.8973 
 273.6718     -98.7718       147.0499 
 249.8394     -89.0152       189.9508 
 265.6586     -100.6571      190.5535 
 275.562      -96.3132       192.2114 
 240.409      -89.8454       187.4243 
 291.5897     -94.6105       184.973 
 
'Sp2327TpRF
 280.3212     -116.4012      170.216 
 276.9024     -115.4693      156.2864 
 288.8645     -112.307       146.4714 
 287.4238     -108.2847      181.6153 
 301.4362     -110.962       152.767 
 306.294      -108.805       174.0785 
 290.1119     -108.8057      164.0339 
 272.2937     -115.1517      170.8928 
 260.443      -110.5908      152.8604 
 271.648      -105.0252      184.4715 
 246.5158     -107.7966      168.063 
 250.7063     -103.825       181.7078 
 260.1051     -108.0145      172.484 
 264.5763     -80.0962       139.763 
 254.7579     -83.1542       148.8208 
 281.7387     -96.6861       143.4163 
 260.9322     -91.5025       183.8399 
 275.3823     -97.5666       183.2213 
 284.2101     -92.9059       183.5604 
 252.0858     -90.9141       182.2754 
 304.8154     -90.8143       167.4934 
 
'Sp2368TpRF
 271.9578     -120.5475      172.8011 
 276.5707     -118.9837      156.9887 
 286.9059     -115.2122      152.1783 
 274.2387     -108.1915      187.3309 
 298.9463     -113.4168      166.2219 
 294.8127     -110.8989      184.6391 
 282.9625     -111.5874      169.9142 
 263.3784     -117.9416      168.7348 
 258.1072     -111.2672      147.4888 
 253.7358     -105.0487      181.6385 
 238.3871     -108.6526      154.049 
 235.5471     -105.796       169.5782 
 251.4147     -110.4947      164.4453 
 268.2115     -84.2143       136.786 
 251.5266     -91.6442       142.4184 
 281.9534     -103.2243      144.8211 
 248.9181     -91.3368       178.8439 
 263.8221     -103.2821      182.0554 
 277.2077     -94.062        187.1826 
 237.5528     -91.5041       172.6871 
 294.5367     -94.9216       180.7255 
 
'Sp2369TpRF
 278.0325     -114.5215      178.4128 
 282.5694     -112.1263      162.742 
 293.774      -111.1114      157.8738 
 278.1966     -105.197       194.3589 
 301.6325     -107.6611      171.5317 
 300.8584     -106.7163      188.3009 
 287.2747     -106.6133      175.5972 
 270.1339     -116.4171      175.8782 
 259.9787     -107.952       155.2885 
 263.945      -102.1299      189.3235 
 242.8811     -105.9666      162.8028 
 242.8963     -101.1177      180.1361 
 257.677      -105.8749      172.3355 
 271.2896     -84.0563       141.7035 
 256.1511     -85.9791       146.119 
 287.6931     -94.6577       149.8057 
 252.2604     -88.7964       186.168 
 267.4816     -97.5076       190.4728 
 277.3582     -89.5422       194.5607 
 242.6928     -88.2902       177.3339 
 297.2527     -87.4409       190.2901 
 
'Sp2382TpRF
 285.0224     -106.8057      177.2156 
 285.0092     -102.5326      156.322 
 293.6596     -99.8638       148.7664 
 286.7509     -94.6633       190.1151 
 306.6108     -96.789        160.6136 
 309.479      -95.0645       185.4959 
 293.9582     -93.8738       172.3189 
 275.5872     -102.2912      176.9762 
 260.0784     -95.5673       156.8492 
 269.4323     -92.8002       191.8447 
 245.1536     -94.2505       167.361 
 246.14       -91.6003       182.9841 
 260.5252     -95.5005       172.9217 
 267.4541     -69.625        139.0653 
 254.0315     -77.2566       149.363 
 286.1068     -83.7468       146.344 
 259.644      -74.9542       187.9129 
 278.0026     -89.598        192.6336 
 285.416      -79.6419       191.805 
 245.5329     -78.688        185.1158 
 307.6805     -76.6189       181.1618 
 
'Sp2843TpRF28
 243.5545     -120.608       155.4455 
 245.2117     -119.1228      136.9186 
 252.9522     -114.8072      129.3451 
 243.8554     -110.3324      172.0548 
 268.4649     -114.9074      140.8867 
 268.7213     -112.2787      164.3595 
 254.7606     -113.547       152.3156 
 231.3024     -119.6004      152.4046 
 227.1983     -109.4832      131.624 
 226.5494     -103.7252      166.5865 
 206.2854     -106.6558      140.7685 
 205.8821     -104.4285      156.3277 
 219.3658     -110.3086      149.9855 
 235.5937     -82.9333       116.8107 
 221.3013     -87.2757       124.7139 
 250.048      -97.4917       125.6353 
 219.2982     -92.5941       161.6452 
 235.5764     -107.2405      165.7461 
 255.7218     -96.6255       170.3664 
 207.2357     -90.7555       153.8861 
 267.8819     -96.9491       159.7082 
 
'Sp2874TpRF27
 238.568      -124.4524      142.9006 
 243.619      -120.2528      125.8459 
 250.4878     -118.5901      121.1912 
 241.4208     -117.833       160.3694 
 264.4314     -118.771       134.176 
 261.4365     -117.6353      154.5049 
 248.7103     -117.3252      141.8981 
 227.2183     -122.1011      139.7689 
 217.4679     -113.3738      121.7015 
 222.4436     -111.5217      156.2252 
 202.6956     -112.6727      128.6564 
 201.5361     -113.5822      142.7946 
 213.5601     -113.8471      137.866 
 231.2717     -87.4235       112.9747 
 219.7714     -91.21         117.1171 
 246.0065     -102.4881      117.349 
 213.523      -100.9922      155.0619 
 230.1505     -113.8455      154.1733 
 257.7159     -104.938       157.4786 
 203.6621     -97.7816       144.129 
 265.3366     -101.8489      143.1119 
 
'Sp2459TpRF29
 232.5805     -97.878        152.1714 
 236.3553     -96.8022       134.9661 
 245.9481     -94.1821       132.1559 
 233.4582     -90.4492       164.2144 
 257.3463     -95.5655       146.1529 
 253.8992     -93.5807       161.3119 
 243.162      -92.2356       150.5461 
 222.0641     -96.9465       151.37 
 219.6709     -88.5808       132.9193 
 214.108      -87.1326       160.7227 
 200.1337     -87.6656       136.6581 
 199.0273     -86.0032       151.4644 
 209.4487     -87.5063       144.1966 
 230.7793     -66.251        120.9846 
 219.1121     -67.3061       124.4331 
 239.7564     -73.0712       126.2565 
 211.4203     -74.658        159.0822 
 226.2531     -88.6681       160.4179 
 246.2607     -77.9508       166.6822 
 203.2493     -72.04         148.4379 
 254.9408     -78.0972       161.1982 
 
'Sp2070TpRF35
 214.0419     -130.8583      155.3272 
 217.31       -127.934       137.1345 
 229.0916     -126.3601      132.7809 
 218.3139     -121.0133      169.8427 
 238.5427     -125.2561      144.3072 
 240.1832     -122.9912      162.8945 
 224.3602     -122.3162      151.7287 
 205.1199     -130.2278      150.9743 
 196.0365     -120.3366      129.1017 
 197.418      -118.7628      166.0023 
 182.7726     -119.9363      139.1358 
 179.8834     -117.2966      152.4292 
 192.681      -120.8781      147.7235 
 212.0846     -95.1387       120.193 
 195.9639     -98.7196       125.5213 
 222.1676     -107.7099      126.3462 
 193.7535     -105.4738      163.4417 
 208.9119     -119.5718      164.8478 
 229.374      -107.0349      171.4875 
 181.936      -102.4425      154.7684 
 240.38       -107.9952      163.9388 
 
'Sp2957TpRF39
 220.0001     -117.177       154.278 
 223.5626     -116.1518      137.2958 
 233.9293     -113.7053      127.8881 
 224.839      -108.1287      169.2439 
 248.1992     -115.0157      141.8506 
 248.3577     -113.0334      160.4636 
 233.5408     -111.8425      148.0079 
 207.8214     -115.0749      152.2238 
 201.2636     -107.3942      133.0361 
 200.7962     -100.6417      168.6087 
 184.8338     -103.6593      144.5786 
 184.169      -102.1344      156.5467 
 195.7441     -106.6452      150.3754 
 217.6438     -80.0286       119.0195 
 200.8496     -84.0824       126.6223 
 230.9676     -95.2587       124.9825 
 200.0103     -89.1143       164.5082 
 216.8897     -105.1361      164.8466 
 238.9379     -96.2271       168.6379 
 189.6703     -86.3843       157.0521 
 247.838      -97.4838       161.7208 
 
'Sp2004TpRF49
 223.7014     -100.4551      156.5165 
 223.9171     -95.5026       137.562 
 231.0065     -94.2439       129.2692 
 228.0743     -91.0658       172.0491 
 243.5021     -93.6095       141.081 
 249.35       -90.2156       162.6197 
 234.6361     -90.7044       150.3425 
 213.4496     -98.3265       154.5294 
 200.8917     -90.1849       135.4501 
 208.9605     -87.1439       170.7564 
 185.7171     -90.4263       146.099 
 188.3016     -87.6311       161.8449 
 199.6788     -89.9238       152.8793 
 211.7338     -63.8323       119.8475 
 198.2842     -68.6877       127.4196 
 227.033      -75.6488       125.4199 
 201.8955     -73.5193       168.7892 
 218.1497     -86.379        169.3337 
 231.2536     -74.06         173.8766 
 190.4056     -71.2609       162.4924 
 248.6728     -76.0814       162.7449 
 
'Sp2647TpRF65
 347.5583     -35.9154       163.2496 
 350.2045     -30.749        149.1275 
 354.9098     -29.5342       144.9194 
 349.2789     -24.0247       181.0511 
 366.14       -21.1083       151.3369 
 365.6365     -19.7791       175.1377 
 354.8882     -24.4594       160.2367 
 337.7898     -39.016        160.6422 
 328.9201     -34.2095       140.5344 
 327.9255     -29.8844       174.2191 
 311.1306     -39.0522       147.9925 
 307.5463     -36.8155       167.0978 
 322.8586     -35.1278       154.5874 
 329.0676     -7.3902        127.4266 
 316.9002     -24.099        133.7375 
 350.2293     -18.1089       137.3828 
 316.1456     -21.471        172.4272 
 332.1448     -29.2761       173.3356 
 339.3449     -19.7497       178.3764 
 305.8018     -28.8025       168.6063 
 355.4256     -4.4434        174.4244 
 
'Sp2666TpRF62
 222.6777     -79.0302       146.4226 
 230.5719     -73.1092       131.6173 
 243.9665     -70.4386       129.3398 
 221.3398     -71.8866       165.2624 
 250.6183     -71.8764       148.0248 
 246.0288     -72.1309       161.9536 
 234.556      -71.0521       148.5883 
 211.8248     -78.3286       142.9081 
 206.9347     -67.7772       121.8245 
 201.7061     -68.2589       158.8132 
 188.6757     -67.518        126.354 
 182.5497     -67.4235       140.5632 
 198.2672     -69.2072       137.447 
 221.0024     -43.2052       116.1099 
 208.3241     -41.6134       120.158 
 234.2767     -47.5972       123.941 
 194.2341     -53.3498       153.5952 
 215.9481     -69.3902       157.3111 
 232.4809     -55.6923       169.0749 
 187.7205     -52.6853       145.0873 
 246.0976     -57.063        161.3678 
 [polygons]
1 4 6
1 6 7
5 6 7
3 5 7
2 3 7
1 2 7
2 3 9
1 2 8
8 10 12
11 12 13
9 11 13
8 9 13
2 8 9
9 11 15
3 9 14
9 14 15
3 14 16
3 5 16
8 10 18
8 12 13
1 4 18
1 8 18
11 15 20
11 12 20
9 11 15
9 14 15
3 9 14
3 14 16
3 5 16
3 16 21
5 6 21
5 16 21
4 6 21
4 19 21

